1	0	5871980827	0	0	5871980827
1	0	3100190139	1	0	3100190139
1	0	2607614226	2	0	2607614226
1	0	5187088383	3	0	5187088383
1	0	276319569	4	0	276319569
1	0	223803205	5	0	223803205
1	0	99211296	6	0	99211296
1	0	318612384	7	0	318612384
1	0	2872331799	8	0	2872331799
1	0	282276797	9	0	282276797
1	0	40221657	10	0	40221657
1	0	3296559575	11	0	3296559575
1	0	5677129582	12	0	5677129582
1	0	5250102031	13	0	5250102031
1	0	6853242318	14	0	6853242318
1	0	3883509580	15	0	3883509580
1	0	2058915459	16	0	2058915459
1	0	2516163434	17	0	2516163434
1	0	4039417307	18	0	4039417307
1	0	3717672447	19	0	3717672447
1	0	1832529568	20	0	1832529568
1	0	1675673802	21	0	1675673802
1	0	398654456	22	0	398654456
1	0	1674808621	23	0	1674808621
1	0	96837831	24	0	96837831
1	0	4519592575	25	0	4519592575
1	0	7228788406	26	0	7228788406
1	0	3070534991	27	0	3070534991
1	0	1831692999	28	0	1831692999
1	0	1832534872	29	0	1832534872
1	0	2059701494	30	0	2059701494
1	0	5163879207	31	0	5163879207
1	0	1675788826	32	0	1675788826
1	0	2198567778	33	0	2198567778
1	0	4201106385	34	0	4201106385
1	0	3796287545	35	0	3796287545
1	0	2892908876	36	0	2892908876
1	0	318612671	37	0	318612671
1	0	5900625846	38	0	5900625846
1	0	99211370	39	0	99211370
1	0	5862117267	40	0	5862117267
1	0	4140494070	41	0	4140494070
1	0	99211924	42	0	99211924
1	0	318615817	43	0	318615817
1	0	9333818080	44	0	9333818080
1	0	1674805035	45	0	1674805035
1	0	5172184052	46	0	5172184052
1	0	1288780397	47	0	1288780397
1	0	1832545692	48	0	1832545692
1	0	7799190456	49	0	7799190456
2	0	8576981561	0	0	8576981561
2	0	2616792186	1	0	2616792186
2	0	5538907257	2	0	5538907257
2	0	8330799519	3	0	8330799519
2	0	9633827175	4	0	9633827175
2	0	318465876	5	0	318465876
2	0	5454973641	6	0	5454973641
2	0	4733364893	7	0	4733364893
2	0	5975724871	8	0	5975724871
2	0	3793501173	9	0	3793501173
2	0	3769232449	10	0	3769232449
2	0	7008052793	11	0	7008052793
2	0	8112078862	12	0	8112078862
2	0	3739978971	13	0	3739978971
2	0	7814649204	14	0	7814649204
2	0	3770029302	15	0	3770029302
2	0	3739344801	16	0	3739344801
2	0	11232657803	17	0	11232657803
2	0	461817428	18	0	461817428
2	0	3774457925	19	0	3774457925
2	0	27483765	20	0	27483765
2	0	2744360882	21	0	2744360882
2	0	2453298559	22	0	2453298559
2	0	6864742632	23	0	6864742632
2	0	7305206072	24	0	7305206072
2	0	3908989117	25	0	3908989117
2	0	167196217	26	0	167196217
2	0	729287176	27	0	729287176
2	0	24333403	28	0	24333403
2	0	36107502	29	0	36107502
2	0	1900855676	30	0	1900855676
2	0	2509627375	31	0	2509627375
2	0	3042705721	32	0	3042705721
2	0	3173783158	33	0	3173783158
2	0	8425694581	34	0	8425694581
2	0	4581439243	35	0	4581439243
2	0	2924458921	36	0	2924458921
2	0	23059365	37	0	23059365
2	0	6292210355	38	0	6292210355
2	0	3102751358	39	0	3102751358
2	0	9372973814	40	0	9372973814
2	0	9723829589	41	0	9723829589
2	0	296662143	42	0	296662143
2	0	2587362435	43	0	2587362435
2	0	5091231717	44	0	5091231717
2	0	9533699830	45	0	9533699830
2	0	27483952	46	0	27483952
2	0	5315469321	47	0	5315469321
2	0	2486927047	48	0	2486927047
2	0	4310790763	49	0	4310790763
3	0	6828790001	0	0	0.527659231824287
3	0	2620836962	1	0	0.363816145368814
3	0	2706918334	2	0	0.297193994625265
3	0	10452363613	3	0	0.269820973246848
3	0	9420625927	4	0	0.40802971706812
3	0	2531902786	5	0	0.513844794097514
3	0	11702707043	6	0	0.630957883712644
3	0	5290290829	7	0	0.470304428192726
3	0	7931080032	8	0	0.475486181396281
3	0	4107895469	9	0	0.406207012575219
3	0	4771817899	10	0	0.203911848854209
3	0	2690031153	11	0	0.35434595543146
3	0	5962311985	12	0	0.549884849278848
3	0	2412555618	13	0	0.503128363496685
3	0	4685634504	14	0	0.564617228911976
3	0	4685002837	15	0	0.458847058282877
3	0	1426527283	16	0	0.480106200444871
3	0	1427400906	17	0	0.472534909791042
3	0	4027628555	18	0	0.394380988329127
3	0	10660691633	19	0	0.393210779457346
3	0	4772452248	20	0	0.315326079258269
3	0	290360091	21	0	0.398114218199088
3	0	4108663816	22	0	0.519349848514938
3	0	4028376822	23	0	0.48371853184599
3	0	5962943290	24	0	0.368520736724183
3	0	11703565136	25	0	0.595153764376176
3	0	10633216604	26	0	0.324898244816375
3	0	5290887022	27	0	0.45872607413044
3	0	7931033728	28	0	0.421553145483678
3	0	290352449	29	0	0.521582905553269
3	0	8297428311	30	0	0.398665840931718
3	0	10656743583	31	0	0.424076805050283
3	0	2411547713	32	0	0.394605284422169
3	0	4027657471	33	0	0.531383058032583
3	0	8298394302	34	0	0.371359978374815
3	0	7867583610	35	0	0.340891946859563
3	0	2411676021	36	0	0.321442812017454
3	0	290360470	37	0	0.455448304926254
3	0	2691021202	38	0	0.26384585049611
3	0	1427356636	39	0	0.286898750089542
3	0	5962862982	40	0	0.407040097053819
3	0	7867357776	41	0	0.505766958687746
3	0	290356784	42	0	0.489699032939973
3	0	4027647005	43	0	0.310839393953165
3	0	2411640183	44	0	0.0859949493820894
3	0	2689927019	45	0	0.106400070365607
3	0	5290826802	46	0	0.20778750521049
3	0	290360858	47	0	0.346072341304163
3	0	4685000423	48	0	0.302651015666081
3	0	10661400056	49	0	0.349316203816149
4	0	2463789333	0	0	0.344113517236789
4	0	2837147288	1	0	0.269501801199482
4	0	336301199	2	0	0.490985488804166
4	0	3829736657	3	0	0.421635139599266
4	0	3093560172	4	0	0.261758940837011
4	0	2686709276	5	0	0.214130098286655
4	0	4005081942	6	0	0.384801486919589
4	0	5782604289	7	0	0.4927941550382
4	0	6460218519	8	0	0.468185625212625
4	0	4528643488	9	0	0.461101674798294
4	0	487290291	10	0	0.746333711136073
4	0	218443542	11	0	0.174678171852669
4	0	7770591064	12	0	0.245353761289924
4	0	7468141678	13	0	0.534335761214033
4	0	9847017654	14	0	0.2602303046292
4	0	12496887265	15	0	0.150118423016203
4	0	1593676427	16	0	0.363062594534328
4	0	12497234034	17	0	0.194298792954549
4	0	4531625489	18	0	0.194029892848326
4	0	9015160185	19	0	0.321966017022404
4	0	1428779394	20	0	0.416591432066735
4	0	4830650731	21	0	0.469888461279064
4	0	1594465288	22	0	0.261366859569031
4	0	8116513655	23	0	0.359400511932846
4	0	4532292088	24	0	0.189232474547813
4	0	7468192418	25	0	0.438516324398179
4	0	7770596642	26	0	0.202754443226364
4	0	5959997499	27	0	0.186425834683932
4	0	2736291534	28	0	0.440324712415585
4	0	5361686565	29	0	0.245324379168956
4	0	487288433	30	0	0.538302803951584
4	0	4622498763	31	0	0.284869452105402
4	0	3859608467	32	0	0.385189001445702
4	0	5960555206	33	0	0.172442048368755
4	0	9847103976	34	0	0.213154220021133
4	0	12496565503	35	0	0.125872863395748
4	0	11370126356	36	0	0.304970016840445
4	0	3770431016	37	0	0.547826142855968
4	0	7462124956	38	0	0.308293041922189
4	0	487293857	39	0	0.461565793949292
4	0	9846927264	40	0	0.130795189343329
4	0	7770588684	41	0	0.168479242267711
4	0	9847052326	42	0	0.197075657814962
4	0	7770578464	43	0	0.0759303511770014
4	0	4015325236	44	0	0.303385060240165
4	0	9847056966	45	0	0.159703860062079
4	0	2517655296	46	0	0.193743984366818
4	0	5790803571	47	0	0.463145251273631
4	0	1593702245	48	0	0.200118690156098
4	0	5536324142	49	0	0.30749768767291
5	0	2892264371	0	0	0.356212081714011
5	0	10796250165	1	0	0.317987279736524
5	0	8664737149	2	0	0.526560254289886
5	0	8044746707	3	0	0.360226128939811
5	0	3763486668	4	0	0.518899030974772
5	0	9570091184	5	0	0.660496248260802
5	0	9283200289	6	0	0.427668532682961
5	0	6254348733	7	0	0.414639232669171
5	0	6912342821	8	0	0.43967466116309
5	0	5377709859	9	0	0.33159659718696
5	0	10260620564	10	0	0.362420387163362
5	0	2486787510	11	0	0.386575009997076
5	0	8524286150	12	0	0.690478374308633
5	0	9263060779	13	0	0.507907780085016
5	0	2698919922	14	0	0.38425174571834
5	0	9265839208	15	0	0.54977372268108
5	0	8432810306	16	0	0.623599085076569
5	0	2698097007	17	0	0.490444321492371
5	0	5135423086	18	0	0.497883506604153
5	0	4194763014	19	0	0.488541854704159
5	0	5134828079	20	0	0.564675782472813
5	0	12393141465	21	0	0.182103136671825
5	0	8247182899	22	0	0.437152069209788
5	0	8140825048	23	0	0.397693469772473
5	0	8248244294	24	0	0.548402797691213
5	0	2486786290	25	0	0.290534149556809
5	0	9175471222	26	0	0.470968656876347
5	0	4120530597	27	0	0.418903832350511
5	0	11639889845	28	0	0.238377478314318
5	0	2486048401	29	0	0.342989999468867
5	0	5052651566	30	0	0.329407242417946
5	0	8523169277	31	0	0.668858829950344
5	0	5378310692	32	0	0.294911183851983
5	0	3867236296	33	0	0.439508560480769
5	0	9004444004	34	0	0.508784152437106
5	0	8725883340	35	0	0.552806295874884
5	0	3582022234	36	0	0.096868119487634
5	0	8247174835	37	0	0.450746282824736
5	0	9250905871	38	0	0.423932028641997
5	0	5135418582	39	0	0.447404377739084
5	0	2697962213	40	0	0.290056773834965
5	0	7906709924	41	0	0.342477635749631
5	0	5134728523	42	0	0.508677764551551
5	0	4382797890	43	0	0.422247796809262
5	0	4873565340	44	0	0.49113048003699
5	0	3268957790	45	0	0.184282557409605
5	0	5722301303	46	0	0.336649714889882
5	0	8523165211	47	0	0.712894204673323
5	0	8724766937	48	0	0.494325719247544
5	0	8248251720	49	0	0.304752314488214
6	0	6997717861	0	0	0.421296529416753
6	0	8991128682	1	0	0.281186450791383
6	0	416544721	2	0	0.569543126639841
6	0	5258179399	3	0	0.388513963105423
6	0	11516327404	4	0	0.546183093249226
6	0	4016650654	5	0	0.713429263632812
6	0	4478631503	6	0	0.447794954572683
6	0	5052126248	7	0	0.56980178925961
6	0	5038775500	8	0	0.517244137264549
6	0	5111037314	9	0	0.538941655099941
6	0	4805997452	10	0	4805997452
6	0	3274973326	11	0	0.238083205566757
6	0	8396212236	12	0	0.293658657860527
6	0	8020669765	13	0	0.335450487552084
6	0	4166176889	14	0	0.351428664688492
6	0	3274153053	15	0	0.224450085781001
6	0	5455990367	16	0	0.218954164731017
6	0	5038158893	17	0	0.460743512054333
6	0	4263379025	18	0	0.578547660658274
6	0	4547363613	19	0	0.387262230220513
6	0	4166941366	20	0	0.373356628087489
6	0	8020721629	21	0	0.350664067189037
6	0	5051515825	22	0	0.549870846876877
6	0	4230598873	23	0	0.348958609568766
6	0	6098236714	24	0	0.553068674708617
6	0	4168835572	25	0	0.438047997663471
6	0	4230547271	26	0	0.382328415588994
6	0	8395126701	27	0	0.28050775198338
6	0	4537520576	28	0	0.576618107194655
6	0	4805371335	29	0	4805371335
6	0	4133265684	30	0	0.418231185485843
6	0	4168074305	31	0	0.397556823347414
6	0	5456522918	32	0	0.200538233446409
6	0	4264134948	33	0	0.544276794234348
6	0	5456826924	34	0	0.425473863971681
6	0	8395122203	35	0	0.319833411540935
6	0	5456307371	36	0	0.204514295865981
6	0	4043635278	37	0	0.279604084408497
6	0	4264127650	38	0	0.48812789057562
6	0	4805378823	39	0	4805378823
6	0	4166931160	40	0	0.258915458208835
6	0	5052148870	41	0	0.389817963355522
6	0	4263243247	42	0	0.519839761368699
6	0	4806008340	43	0	0.331753049458536
6	0	4231361586	44	0	0.25143259609115
6	0	4263988782	45	0	0.395113851451159
6	0	4460285544	46	0	0.314454275356578
6	0	4230506943	47	0	0.159128399483393
6	0	4168833746	48	0	0.349175419110229
6	0	4805378035	49	0	4805378035
7	0	10719926344	0	0	0.270163526637276
7	0	5542405595	1	0	0.360134529310488
7	0	3436239581	2	0	0.575370891662325
7	0	5270756929	3	0	0.395558823105318
7	0	3822257786	4	0	0.557480764143533
7	0	10892194156	5	0	0.184973036907556
7	0	3145628812	6	0	0.276894160769965
7	0	4268086067	7	0	0.371387772985296
7	0	4441651944	8	0	0.253501521073579
7	0	4438562503	9	0	0.210173777015558
7	0	8514757824	10	0	0.135622788678755
7	0	9504069775	11	0	0.222193638316319
7	0	7381886208	12	0	0.186539220024432
7	0	9506816864	13	0	0.331746784761172
7	0	6932994858	14	0	0.068648233580365
7	0	3299088304	15	0	0.163413144667293
7	0	5502375353	16	0	0.306348921350468
7	0	501768683	17	0	0.240736114311299
7	0	8513657035	18	0	0.135623400801931
7	0	5502970794	19	0	0.204507737485331
7	0	347112658	20	0	0.434155420330079
7	0	4440874655	21	0	0.208611405056406
7	0	7079071331	22	0	0.0761928564083662
7	0	8302530592	23	0	0.0686982996788265
7	0	2262327944	24	0	0.400608231273827
7	0	4439339206	25	0	0.0875400480431782
7	0	3298324199	26	0	0.176278009822323
7	0	501727220	27	0	0.216285229327378
7	0	3298273427	28	0	0.110972559807869
7	0	7381767396	29	0	0.181598929868156
7	0	5502384777	30	0	0.167240766513302
7	0	7381787616	31	0	0.151981835259644
7	0	4268825250	32	0	0.390263185452919
7	0	3144821887	33	0	0.30211035723375
7	0	501786641	34	0	0.172362787387572
7	0	2261563121	35	0	0.424801941717947
7	0	8301492165	36	0	0.0904218016446607
7	0	2262891548	37	0	0.391127234773342
7	0	8301494923	38	0	0.0571168410884843
7	0	347112906	39	0	0.371038010606622
7	0	2262110969	40	0	0.36524968851951
7	0	2261544521	41	0	0.396012959588651
7	0	6931847832	42	0	0.0208187284768428
7	0	501810169	43	0	0.267672511761904
7	0	8513651959	44	0	0.149421912790047
7	0	347112853	45	0	0.332766618640485
7	0	8302540384	46	0	0.144398285719406
7	0	6931850042	47	0	0.0294932797651539
7	0	4439340094	48	0	0.0236677895198713
7	0	501796631	49	0	0.208657899653955
8	0	19323760	0	0	19323760
8	0	8040025822	1	0	8040025822
8	0	1979427420	2	0	1979427420
8	0	5250031697	3	0	5250031697
8	0	4760356683	4	0	4760356683
8	0	103560488	5	0	103560488
8	0	415958652	6	0	415958652
8	0	6150926594	7	0	6150926594
8	0	1434412981	8	0	1434412981
8	0	6178565409	9	0	6178565409
8	0	471121004	10	0	471121004
8	0	2829747023	11	0	2829747023
8	0	5773015036	12	0	5773015036
8	0	5992208941	13	0	5992208941
8	0	6193253161	14	0	6193253161
8	0	4090707851	15	0	4090707851
8	0	471121204	16	0	471121204
8	0	2830583346	17	0	2830583346
8	0	2497966897	18	0	2497966897
8	0	1039576012	19	0	1039576012
8	0	3725184123	20	0	3725184123
8	0	6179095564	21	0	6179095564
8	0	5539659661	22	0	5539659661
8	0	6226625324	23	0	6226625324
8	0	8419938111	24	0	8419938111
8	0	4899568237	25	0	4899568237
8	0	4796921059	26	0	4796921059
8	0	10125352554	27	0	10125352554
8	0	4734226554	28	0	4734226554
8	0	259719624	29	0	259719624
8	0	6226110353	30	0	6226110353
8	0	4981209783	31	0	4981209783
8	0	4827670738	32	0	4827670738
8	0	355399445	33	0	355399445
8	0	3291755114	34	0	3291755114
8	0	4619787693	35	0	4619787693
8	0	2830587346	36	0	2830587346
8	0	394174579	37	0	394174579
8	0	6825563755	38	0	6825563755
8	0	6256799042	39	0	6256799042
8	0	6983364903	40	0	6983364903
8	0	6374585223	41	0	6374585223
8	0	6819698981	42	0	6819698981
8	0	7756539448	43	0	7756539448
8	0	7421929486	44	0	7421929486
8	0	6828141596	45	0	6828141596
8	0	6445111245	46	0	6445111245
8	0	6232867321	47	0	6232867321
8	0	471119878	48	0	471119878
8	0	108586683	49	0	108586683
9	0	4761830880	0	0	4761830880
9	0	10045378096	1	0	10045378096
9	0	5250931819	2	0	5250931819
9	0	5937150857	3	0	5937150857
9	0	3472230091	4	0	3472230091
9	0	457715096	5	0	457715096
9	0	5984516153	6	0	5984516153
9	0	132872354	7	0	132872354
9	0	8877200925	8	0	8877200925
9	0	509939988	9	0	509939988
9	0	4476855112	10	0	4476855112
9	0	5098166243	11	0	5098166243
9	0	8492075597	12	0	8492075597
9	0	4316681859	13	0	4316681859
9	0	2951841806	14	0	2951841806
9	0	4317425172	15	0	4317425172
9	0	3951789739	16	0	3951789739
9	0	533818818	17	0	533818818
9	0	9067737103	18	0	9067737103
9	0	2183279459	19	0	2183279459
9	0	2950994233	20	0	2950994233
9	0	4308661997	21	0	4308661997
9	0	2980998033	22	0	2980998033
9	0	9069963392	23	0	9069963392
9	0	8877804938	24	0	8877804938
9	0	4309410298	25	0	4309410298
9	0	4312634071	26	0	4312634071
9	0	4476079117	27	0	4476079117
9	0	2064729309	28	0	2064729309
9	0	3897478187	29	0	3897478187
9	0	4476079181	30	0	4476079181
9	0	2184089934	31	0	2184089934
9	0	2811278670	32	0	2811278670
9	0	288044415	33	0	288044415
9	0	3965822399	34	0	3965822399
9	0	8493294360	35	0	8493294360
9	0	9067738157	36	0	9067738157
9	0	8493307976	37	0	8493307976
9	0	5655937322	38	0	5655937322
9	0	2183308589	39	0	2183308589
9	0	3114732891	40	0	3114732891
9	0	8492309101	41	0	8492309101
9	0	8877205941	42	0	8877205941
9	0	3996164462	43	0	3996164462
9	0	4251521178	44	0	4251521178
9	0	9069968528	45	0	9069968528
9	0	8493392970	46	0	8493392970
9	0	6798572025	47	0	6798572025
9	0	2183306153	48	0	2183306153
9	0	9069966916	49	0	9069966916
10	0	6044948309	0	0	6044948309
10	0	6494667935	1	0	6494667935
10	0	50494601	2	0	50494601
10	0	5350121769	3	0	5350121769
10	0	10686632825	4	0	10686632825
10	0	8556154591	5	0	8556154591
10	0	3259031037	6	0	3259031037
10	0	2976144	7	0	2976144
10	0	2829537930	8	0	2829537930
10	0	11494181795	9	0	11494181795
10	0	10427928396	10	0	10427928396
10	0	2433675496	11	0	2433675496
10	0	3298430031	12	0	3298430031
10	0	4459176836	13	0	4459176836
10	0	5715411349	14	0	5715411349
10	0	3292081585	15	0	3292081585
10	0	3292872806	16	0	3292872806
10	0	1807288870	17	0	1807288870
10	0	10041229826	18	0	10041229826
10	0	4458396589	19	0	4458396589
10	0	3531574692	20	0	3531574692
10	0	3770735523	21	0	3770735523
10	0	3299257220	22	0	3299257220
10	0	3530529589	23	0	3530529589
10	0	6624553847	24	0	6624553847
10	0	2828701151	25	0	2828701151
10	0	1806449883	26	0	1806449883
10	0	6624614089	27	0	6624614089
10	0	2432861455	28	0	2432861455
10	0	11429035764	29	0	11429035764
10	0	3771541084	30	0	3771541084
10	0	6624571617	31	0	6624571617
10	0	5715960076	32	0	5715960076
10	0	3770743117	33	0	3770743117
10	0	5715385311	34	0	5715385311
10	0	10445086536	35	0	10445086536
10	0	1806437297	36	0	1806437297
10	0	2976167	37	0	2976167
10	0	5715948986	38	0	5715948986
10	0	4459175892	39	0	4459175892
10	0	3770755143	40	0	3770755143
10	0	5452759540	41	0	5452759540
10	0	3292055233	42	0	3292055233
10	0	3299257052	43	0	3299257052
10	0	2433675624	44	0	2433675624
10	0	11494572763	45	0	11494572763
10	0	6624633633	46	0	6624633633
10	0	2433675946	47	0	2433675946
10	0	1806444675	48	0	1806444675
10	0	5715966740	49	0	5715966740
11	0	3825152325	0	0	3825152325
11	0	4049643997	1	0	4049643997
11	0	2058811887	2	0	2058811887
11	0	3980160281	3	0	3980160281
11	0	5177841029	4	0	5177841029
11	0	7946872296	5	0	7946872296
11	0	5500617031	6	0	5500617031
11	0	2676126339	7	0	2676126339
11	0	7568463658	8	0	7568463658
11	0	3769106675	9	0	3769106675
11	0	5952559966	10	0	5952559966
11	0	4647533390	11	0	4647533390
11	0	5683037151	12	0	5683037151
11	0	121465108	13	0	121465108
11	0	3581097520	14	0	3581097520
11	0	3769911112	15	0	3769911112
11	0	4646920935	16	0	4646920935
11	0	298035843	17	0	298035843
11	0	52051413	18	0	52051413
11	0	3580287701	19	0	3580287701
11	0	1463310259	20	0	1463310259
11	0	7181452217	21	0	7181452217
11	0	38386804	22	0	38386804
11	0	4680179205	23	0	4680179205
11	0	7315677238	24	0	7315677238
11	0	3764183351	25	0	3764183351
11	0	5090713061	26	0	5090713061
11	0	38388916	27	0	38388916
11	0	64196584	28	0	64196584
11	0	3285844504	29	0	3285844504
11	0	38387743	30	0	38387743
11	0	52052082	31	0	52052082
11	0	1043162809	32	0	1043162809
11	0	3975540357	33	0	3975540357
11	0	534444862	34	0	534444862
11	0	4979123403	35	0	4979123403
11	0	4511272595	36	0	4511272595
11	0	8815055184	37	0	8815055184
11	0	3411837455	38	0	3411837455
11	0	2836674932	39	0	2836674932
11	0	3393443276	40	0	3393443276
11	0	99225218	41	0	99225218
11	0	38385288	42	0	38385288
11	0	4184448882	43	0	4184448882
11	0	399609906	44	0	399609906
11	0	11165601563	45	0	11165601563
11	0	298346556	46	0	298346556
11	0	38394496	47	0	38394496
11	0	2710777669	48	0	2710777669
11	0	2681568311	49	0	2681568311
12	0	3769934649	0	0	3769934649
12	0	2526819633	1	0	2526819633
12	0	448441805	2	0	448441805
12	0	10474547324	3	0	10474547324
12	0	5336468641	4	0	5336468641
12	0	6339770591	5	0	6339770591
12	0	3470954391	6	0	3470954391
12	0	3944417741	7	0	3944417741
12	0	2907416708	8	0	2907416708
12	0	8633728015	9	0	8633728015
12	0	4805997452	10	0	4805997452
12	0	2831712528	11	0	2831712528
12	0	4805371335	12	0	4805371335
12	0	285688613	13	0	285688613
12	0	2830852009	14	0	2830852009
12	0	2906571999	15	0	2906571999
12	0	4286173391	16	0	4286173391
12	0	2312989469	17	0	2312989469
12	0	40220520	18	0	40220520
12	0	2313793778	19	0	2313793778
12	0	285683956	20	0	285683956
12	0	4286916166	21	0	4286916166
12	0	5337200320	22	0	5337200320
12	0	3843274923	23	0	3843274923
12	0	3945202422	24	0	3945202422
12	0	40217552	25	0	40217552
12	0	4225595785	26	0	4225595785
12	0	3844066618	27	0	3844066618
12	0	2783318887	28	0	2783318887
12	0	811688950	29	0	811688950
12	0	3934445785	30	0	3934445785
12	0	2907068295	31	0	2907068295
12	0	368382247	32	0	368382247
12	0	5207618276	33	0	5207618276
12	0	4086056583	34	0	4086056583
12	0	3844103166	35	0	3844103166
12	0	3843296395	36	0	3843296395
12	0	272681965	37	0	272681965
12	0	2313009581	38	0	2313009581
12	0	4286914204	39	0	4286914204
12	0	2907432762	40	0	2907432762
12	0	4286935686	41	0	4286935686
12	0	2830957447	42	0	2830957447
12	0	3035203913	43	0	3035203913
12	0	633466358	44	0	633466358
12	0	4286923028	45	0	4286923028
12	0	3036040244	46	0	3036040244
12	0	5340248760	47	0	5340248760
12	0	2313044423	48	0	2313044423
12	0	308207507	49	0	308207507
13	0	417793033	0	0	417793033
13	0	5909022967	1	0	5909022967
13	0	6754793561	2	0	6754793561
13	0	9324318413	3	0	9324318413
13	0	7621473930	4	0	7621473930
13	0	243216999	5	0	243216999
13	0	5734110465	6	0	5734110465
13	0	8266173547	7	0	8266173547
13	0	948426121	8	0	948426121
13	0	2800865380	9	0	2800865380
13	0	84441115	10	0	84441115
13	0	3486757968	11	0	3486757968
13	0	9545326009	12	0	9545326009
13	0	4678405185	13	0	4678405185
13	0	296734019	14	0	296734019
13	0	3485941445	15	0	3485941445
13	0	4815249870	16	0	4815249870
13	0	11400972336	17	0	11400972336
13	0	11401054334	18	0	11401054334
13	0	9548119788	19	0	9548119788
13	0	2800022495	20	0	2800022495
13	0	1764482158	21	0	1764482158
13	0	1763632205	22	0	1763632205
13	0	820540882	23	0	820540882
13	0	84522771	24	0	84522771
13	0	3676824993	25	0	3676824993
13	0	4814629597	26	0	4814629597
13	0	4678737084	27	0	4678737084
13	0	1079760961	28	0	1079760961
13	0	8267235708	29	0	8267235708
13	0	299114458	30	0	299114458
13	0	4824801346	31	0	4824801346
13	0	3677554550	32	0	3677554550
13	0	3676723431	33	0	3676723431
13	0	819681179	34	0	819681179
13	0	1763665829	35	0	1763665829
13	0	382180583	36	0	382180583
13	0	3677644214	37	0	3677644214
13	0	3677642648	38	0	3677642648
13	0	4672308602	39	0	4672308602
13	0	382180783	40	0	382180783
13	0	243223344	41	0	243223344
13	0	11401200993	42	0	11401200993
13	0	84441153	43	0	84441153
13	0	7621492756	44	0	7621492756
13	0	242641135	45	0	242641135
13	0	267986381	46	0	267986381
13	0	243223285	47	0	243223285
13	0	84441168	48	0	84441168
13	0	296736016	49	0	296736016
14	0	3422896185	0	0	3422896185
14	0	6930783238	1	0	6930783238
14	0	8383346711	2	0	8383346711
14	0	9687286391	3	0	9687286391
14	0	8481036067	4	0	8481036067
14	0	7294646882	5	0	7294646882
14	0	11848435566	6	0	11848435566
14	0	5062923419	7	0	5062923419
14	0	5061762285	8	0	5061762285
14	0	6825144990	9	0	6825144990
14	0	59041159	10	0	59041159
14	0	5951661240	11	0	5951661240
14	0	2277346734	12	0	2277346734
14	0	7728435700	13	0	7728435700
14	0	4889815742	14	0	4889815742
14	0	2542064007	15	0	2542064007
14	0	2972869611	16	0	2972869611
14	0	5951112293	17	0	5951112293
14	0	5637174752	18	0	5637174752
14	0	4849516402	19	0	4849516402
14	0	4573468447	20	0	4573468447
14	0	5636630061	21	0	5636630061
14	0	4574103592	22	0	4574103592
14	0	4848907167	23	0	4848907167
14	0	2973556560	24	0	2973556560
14	0	4889196603	25	0	4889196603
14	0	2970861385	26	0	2970861385
14	0	5057822901	27	0	5057822901
14	0	2276555071	28	0	2276555071
14	0	4574103166	29	0	4574103166
14	0	5637183904	30	0	5637183904
14	0	8483647830	31	0	8483647830
14	0	59041104	32	0	59041104
14	0	4871464946	33	0	4871464946
14	0	2972708359	34	0	2972708359
14	0	5073934301	35	0	5073934301
14	0	12181469424	36	0	12181469424
14	0	5020368815	37	0	5020368815
14	0	59041129	38	0	59041129
14	0	5951657494	39	0	5951657494
14	0	5632512890	40	0	5632512890
14	0	2277345318	41	0	2277345318
14	0	59041138	42	0	59041138
14	0	2972886817	43	0	2972886817
14	0	4870860687	44	0	4870860687
14	0	4573468857	45	0	4573468857
14	0	4889795778	46	0	4889795778
14	0	4849535064	47	0	4849535064
14	0	7294698590	48	0	7294698590
14	0	5636669503	49	0	5636669503
15	0	10195601364	0	0	10195601364
15	0	476507546	1	0	476507546
15	0	7996639475	2	0	7996639475
15	0	7948795526	3	0	7948795526
15	0	2682966081	4	0	2682966081
15	0	447166620	5	0	447166620
15	0	3306546275	6	0	3306546275
15	0	3207098091	7	0	3207098091
15	0	2892360546	8	0	2892360546
15	0	3193676809	9	0	3193676809
15	0	135039065	10	0	135039065
15	0	2298243482	11	0	2298243482
15	0	2337424153	12	0	2337424153
15	0	4288645128	13	0	4288645128
15	0	3197206887	14	0	3197206887
15	0	7754466736	15	0	7754466736
15	0	6886314022	16	0	6886314022
15	0	7000905666	17	0	7000905666
15	0	4287904985	18	0	4287904985
15	0	135403439	19	0	135403439
15	0	2338258414	20	0	2338258414
15	0	3194517830	21	0	3194517830
15	0	7754466396	22	0	7754466396
15	0	4424707439	23	0	4424707439
15	0	5301002552	24	0	5301002552
15	0	1491109264	25	0	1491109264
15	0	3207964026	26	0	3207964026
15	0	135038695	27	0	135038695
15	0	446147662	28	0	446147662
15	0	2891518357	29	0	2891518357
15	0	1490265543	30	0	1490265543
15	0	135040382	31	0	135040382
15	0	5300400531	32	0	5300400531
15	0	2683793930	33	0	2683793930
15	0	4382420643	34	0	4382420643
15	0	2893265162	35	0	2893265162
15	0	135395894	36	0	135395894
15	0	134073694	37	0	134073694
15	0	2297434789	38	0	2297434789
15	0	8974607384	39	0	8974607384
15	0	7754466100	40	0	7754466100
15	0	2298245122	41	0	2298245122
15	0	3193674717	42	0	3193674717
15	0	1442822407	43	0	1442822407
15	0	3328278403	44	0	3328278403
15	0	3658453284	45	0	3658453284
15	0	134079894	46	0	134079894
15	0	7754471800	47	0	7754471800
15	0	135426569	48	0	135426569
15	0	135403418	49	0	135403418
16	0	487241138	0	0	487241138
16	0	2177842235	1	0	2177842235
16	0	9792654495	2	0	9792654495
16	0	9035177083	3	0	9035177083
16	0	9290448311	4	0	9290448311
16	0	7969160832	5	0	7969160832
16	0	4738035332	6	0	4738035332
16	0	3126115510	7	0	3126115510
16	0	8207582553	8	0	8207582553
16	0	4635890000	9	0	4635890000
16	0	2372101423	10	0	2372101423
16	0	2982903155	11	0	2982903155
16	0	10920862756	12	0	10920862756
16	0	3579356292	13	0	3579356292
16	0	4650156771	14	0	4650156771
16	0	1428450809	15	0	1428450809
16	0	4500879888	16	0	4500879888
16	0	8372890201	17	0	8372890201
16	0	4650777700	18	0	4650777700
16	0	4500230381	19	0	4500230381
16	0	945294245	20	0	945294245
16	0	6955807024	21	0	6955807024
16	0	5109416237	22	0	5109416237
16	0	4702121243	23	0	4702121243
16	0	4635284819	24	0	4635284819
16	0	8373983796	25	0	8373983796
16	0	5110017396	26	0	5110017396
16	0	1427731029	27	0	1427731029
16	0	12282925203	28	0	12282925203
16	0	8314752968	29	0	8314752968
16	0	5110162700	30	0	5110162700
16	0	1808089009	31	0	1808089009
16	0	5642396911	32	0	5642396911
16	0	10263149134	33	0	10263149134
16	0	7943346658	34	0	7943346658
16	0	9159992325	35	0	9159992325
16	0	4514773719	36	0	4514773719
16	0	2056098764	37	0	2056098764
16	0	8997877055	38	0	8997877055
16	0	4769080240	39	0	4769080240
16	0	1001205877	40	0	1001205877
16	0	8108861827	41	0	8108861827
16	0	5110028554	42	0	5110028554
16	0	5408453349	43	0	5408453349
16	0	9809868413	44	0	9809868413
16	0	4635289199	45	0	4635289199
16	0	2129443949	46	0	2129443949
16	0	8373978560	47	0	8373978560
16	0	5109414335	48	0	5109414335
16	0	8239290674	49	0	8239290674
17	0	3352292923	0	0	3352292923
17	0	4683477697	1	0	4683477697
17	0	5865970925	2	0	5865970925
17	0	176086987	3	0	176086987
17	0	2366407579	4	0	2366407579
17	0	2197756325	5	0	2197756325
17	0	3238907655	6	0	3238907655
17	0	169892598	7	0	169892598
17	0	4062567643	8	0	4062567643
17	0	4854719231	9	0	4854719231
17	0	4707151533	10	0	4707151533
17	0	2348425577	11	0	2348425577
17	0	2166535100	12	0	2166535100
17	0	5394651400	13	0	5394651400
17	0	8688472757	14	0	8688472757
17	0	4822517891	15	0	4822517891
17	0	9027337533	16	0	9027337533
17	0	4823132978	17	0	4823132978
17	0	9029558726	18	0	9029558726
17	0	5394091593	19	0	5394091593
17	0	3178664767	20	0	3178664767
17	0	12281698394	21	0	12281698394
17	0	4288613239	22	0	4288613239
17	0	8684202263	23	0	8684202263
17	0	2209780543	24	0	2209780543
17	0	12288746955	25	0	12288746955
17	0	3170777731	26	0	3170777731
17	0	2165733023	27	0	2165733023
17	0	3255539607	28	0	3255539607
17	0	4063318122	29	0	4063318122
17	0	3939810977	30	0	3939810977
17	0	4707775918	31	0	4707775918
17	0	4636247391	32	0	4636247391
17	0	2367250226	33	0	2367250226
17	0	169892994	34	0	169892994
17	0	176086917	35	0	176086917
17	0	4855336608	36	0	4855336608
17	0	3179505860	37	0	3179505860
17	0	12281305945	38	0	12281305945
17	0	12281415823	39	0	12281415823
17	0	169892499	40	0	169892499
17	0	9029666834	41	0	9029666834
17	0	5392682851	42	0	5392682851
17	0	8693891765	43	0	8693891765
17	0	4855356012	44	0	4855356012
17	0	3179502664	45	0	3179502664
17	0	4855337804	46	0	4855337804
17	0	3952873534	47	0	3952873534
17	0	8695014192	48	0	8695014192
17	0	4707775922	49	0	4707775922
18	0	4881421629	0	0	4881421629
18	0	5199658391	1	0	5199658391
18	0	2410209145	2	0	2410209145
18	0	4760014329	3	0	4760014329
18	0	8325469161	4	0	8325469161
18	0	4472153392	5	0	4472153392
18	0	8933603607	6	0	8933603607
18	0	4016771837	7	0	4016771837
18	0	5992430950	8	0	5992430950
18	0	3886456298	9	0	3886456298
18	0	5450278548	10	0	5450278548
18	0	3885661491	11	0	3885661491
18	0	2948847131	12	0	2948847131
18	0	4277633874	13	0	4277633874
18	0	199555553	14	0	199555553
18	0	9524726579	15	0	9524726579
18	0	2922761252	16	0	2922761252
18	0	4276880289	17	0	4276880289
18	0	2706401191	18	0	2706401191
18	0	4804572913	19	0	4804572913
18	0	5991873775	20	0	5991873775
18	0	3162081566	21	0	3162081566
18	0	2921930457	22	0	2921930457
18	0	3760144251	23	0	3760144251
18	0	9538710516	24	0	9538710516
18	0	7191340074	25	0	7191340074
18	0	3161250951	26	0	3161250951
18	0	7189294274	27	0	7189294274
18	0	4471379667	28	0	4471379667
18	0	275686095	29	0	275686095
18	0	3760654960	30	0	3760654960
18	0	4011385028	31	0	4011385028
18	0	3161248705	32	0	3161248705
18	0	7195561558	33	0	7195561558
18	0	1617315903	34	0	1617315903
18	0	3759169099	35	0	3759169099
18	0	4017587530	36	0	4017587530
18	0	8934218100	37	0	8934218100
18	0	3161256443	38	0	3161256443
18	0	3759753035	39	0	3759753035
18	0	9535948987	40	0	9535948987
18	0	9535909325	41	0	9535909325
18	0	2921968941	42	0	2921968941
18	0	6119267298	43	0	6119267298
18	0	7195577516	44	0	7195577516
18	0	4477035103	45	0	4477035103
18	0	3877349119	46	0	3877349119
18	0	2921995787	47	0	2921995787
18	0	7195587892	48	0	7195587892
18	0	4019348496	49	0	4019348496
19	0	5527847393	0	0	5527847393
19	0	821428749	1	0	821428749
19	0	5229197365	2	0	5229197365
19	0	7154217817	3	0	7154217817
19	0	5625149301	4	0	5625149301
19	0	8051576761	5	0	8051576761
19	0	3230062835	6	0	3230062835
19	0	5636302173	7	0	5636302173
19	0	3834625773	8	0	3834625773
19	0	2634252000	9	0	2634252000
19	0	4633044841	10	0	4633044841
19	0	289503624	11	0	289503624
19	0	3098866733	12	0	3098866733
19	0	8189229315	13	0	8189229315
19	0	3691759055	14	0	3691759055
19	0	3200054599	15	0	3200054599
19	0	7259465822	16	0	7259465822
19	0	296026446	17	0	296026446
19	0	2633417607	18	0	2633417607
19	0	8365014268	19	0	8365014268
19	0	9254681901	20	0	9254681901
19	0	10659840134	21	0	10659840134
19	0	5633677437	22	0	5633677437
19	0	7259471032	23	0	7259471032
19	0	9257465076	24	0	9257465076
19	0	4640696042	25	0	4640696042
19	0	9254682733	26	0	9254682733
19	0	5327804248	27	0	5327804248
19	0	5327193995	28	0	5327193995
19	0	8265465341	29	0	8265465341
19	0	5327197291	30	0	5327197291
19	0	10660045233	31	0	10660045233
19	0	3835427898	32	0	3835427898
19	0	8363954277	33	0	8363954277
19	0	3692557936	34	0	3692557936
19	0	7259479040	35	0	7259479040
19	0	8363944675	36	0	8363944675
19	0	10659584605	37	0	10659584605
19	0	3240111380	38	0	3240111380
19	0	3237255951	39	0	3237255951
19	0	8051561876	40	0	8051561876
19	0	10659727256	41	0	10659727256
19	0	10659426465	42	0	10659426465
19	0	5327806080	43	0	5327806080
19	0	5327806532	44	0	5327806532
19	0	8363946603	45	0	8363946603
19	0	5327195847	46	0	5327195847
19	0	3691805243	47	0	3691805243
19	0	9254696263	48	0	9254696263
19	0	8363943841	49	0	8363943841
20	0	4074848725	0	0	4074848725
20	0	5398391453	1	0	5398391453
20	0	6880109515	2	0	6880109515
20	0	5547438701	3	0	5547438701
20	0	88493630	4	0	88493630
20	0	3567985611	5	0	3567985611
20	0	3638189331	6	0	3638189331
20	0	2703105035	7	0	2703105035
20	0	223913594	8	0	223913594
20	0	5009408424	9	0	5009408424
20	0	3710370971	10	0	3710370971
20	0	564157851	11	0	564157851
20	0	1148678179	12	0	1148678179
20	0	5829340030	13	0	5829340030
20	0	5615968016	14	0	5615968016
20	0	8523314469	15	0	8523314469
20	0	5828791279	16	0	5828791279
20	0	2476294126	17	0	2476294126
20	0	5083471958	18	0	5083471958
20	0	7333979730	19	0	7333979730
20	0	2961652711	20	0	2961652711
20	0	8264801729	21	0	8264801729
20	0	2763075841	22	0	2763075841
20	0	6223862541	23	0	6223862541
20	0	2962497360	24	0	2962497360
20	0	7344309498	25	0	7344309498
20	0	5082875009	26	0	5082875009
20	0	2744424763	27	0	2744424763
20	0	158850235	28	0	158850235
20	0	2131411135	29	0	2131411135
20	0	2806871738	30	0	2806871738
20	0	158849802	31	0	158849802
20	0	7159572863	32	0	7159572863
20	0	3570535404	33	0	3570535404
20	0	3754586709	34	0	3754586709
20	0	3247826633	35	0	3247826633
20	0	39767184	36	0	39767184
20	0	4495148807	37	0	4495148807
20	0	88494449	38	0	88494449
20	0	5082873721	39	0	5082873721
20	0	88494678	40	0	88494678
20	0	6532214869	41	0	6532214869
20	0	3767041448	42	0	3767041448
20	0	5082878325	43	0	5082878325
20	0	7333978098	44	0	7333978098
20	0	5083481624	45	0	5083481624
20	0	2199742801	46	0	2199742801
20	0	2962495956	47	0	2962495956
20	0	3560383506	48	0	3560383506
20	0	5082884383	49	0	5082884383
21	0	3118586039	0	0	3118586039
21	0	3456989705	1	0	3456989705
21	0	8581050273	2	0	8581050273
21	0	5143859477	3	0	5143859477
21	0	4711345351	4	0	4711345351
21	0	8027012353	5	0	8027012353
21	0	6348991474	6	0	6348991474
21	0	453089632	7	0	453089632
21	0	185127156	8	0	185127156
21	0	2115443566	9	0	2115443566
21	0	5569321452	10	0	5569321452
21	0	3416494592	11	0	3416494592
21	0	2114666021	12	0	2114666021
21	0	3492543387	13	0	3492543387
21	0	5568735605	14	0	5568735605
21	0	4104101152	15	0	4104101152
21	0	8104366206	16	0	8104366206
21	0	2305645837	17	0	2305645837
21	0	3415726561	18	0	3415726561
21	0	856091671	19	0	856091671
21	0	4960710650	20	0	4960710650
21	0	7116896455	21	0	7116896455
21	0	3780144748	22	0	3780144748
21	0	339503934	23	0	339503934
21	0	8104349899	24	0	8104349899
21	0	3493362646	25	0	3493362646
21	0	301664031	26	0	301664031
21	0	2775772349	27	0	2775772349
21	0	4960115751	28	0	4960115751
21	0	348579538	29	0	348579538
21	0	4694931060	30	0	4694931060
21	0	4357819418	31	0	4357819418
21	0	185127710	32	0	185127710
21	0	3779333933	33	0	3779333933
21	0	4767827587	34	0	4767827587
21	0	8104349367	35	0	8104349367
21	0	8027044882	36	0	8027044882
21	0	7116897827	37	0	7116897827
21	0	8104370382	38	0	8104370382
21	0	8027014495	39	0	8027014495
21	0	348579535	40	0	348579535
21	0	185127832	41	0	185127832
21	0	3493370342	42	0	3493370342
21	0	562314127	43	0	562314127
21	0	5417372727	44	0	5417372727
21	0	2536030014	45	0	2536030014
21	0	4103350797	46	0	4103350797
21	0	3976561568	47	0	3976561568
21	0	3780593482	48	0	3780593482
21	0	2205033827	49	0	2205033827
22	0	3029355103	0	0	3029355103
22	0	222126959	1	0	222126959
22	0	4262437830	2	0	4262437830
22	0	480417596	3	0	480417596
22	0	5758168889	4	0	5758168889
22	0	1670874363	5	0	1670874363
22	0	7284026448	6	0	7284026448
22	0	608304277	7	0	608304277
22	0	5170038692	8	0	5170038692
22	0	4348309547	9	0	4348309547
22	0	5229497385	10	0	5229497385
22	0	5834650619	11	0	5834650619
22	0	6279974390	12	0	6279974390
22	0	4219774445	13	0	4219774445
22	0	4216523515	14	0	4216523515
22	0	6279452697	15	0	6279452697
22	0	2696594148	16	0	2696594148
22	0	536008018	17	0	536008018
22	0	6492353629	18	0	6492353629
22	0	2356141678	19	0	2356141678
22	0	5631278579	20	0	5631278579
22	0	5169435857	21	0	5169435857
22	0	719874647	22	0	719874647
22	0	5634045433	23	0	5634045433
22	0	2696029395	24	0	2696029395
22	0	5835177370	25	0	5835177370
22	0	6492323329	26	0	6492323329
22	0	3413122673	27	0	3413122673
22	0	2355224669	28	0	2355224669
22	0	5230230282	29	0	5230230282
22	0	2350206473	30	0	2350206473
22	0	3413711928	31	0	3413711928
22	0	6492329481	32	0	6492329481
22	0	5631861250	33	0	5631861250
22	0	2695578775	34	0	2695578775
22	0	148880487	35	0	148880487
22	0	4386201980	36	0	4386201980
22	0	3413187501	37	0	3413187501
22	0	3412911223	38	0	3412911223
22	0	3407588881	39	0	3407588881
22	0	7284038302	40	0	7284038302
22	0	2357618602	41	0	2357618602
22	0	5230231168	42	0	5230231168
22	0	608566846	43	0	608566846
22	0	6492367617	44	0	6492367617
22	0	8452020262	45	0	8452020262
22	0	7284040528	46	0	7284040528
22	0	5834620059	47	0	5834620059
22	0	4368005437	48	0	4368005437
22	0	3412915661	49	0	3412915661
23	0	5592805263	0	0	5592805263
23	0	6246445413	1	0	6246445413
23	0	8810436449	2	0	8810436449
23	0	6158593295	3	0	6158593295
23	0	8047179310	4	0	8047179310
23	0	2181224465	5	0	2181224465
23	0	5497682231	6	0	5497682231
23	0	4989336690	7	0	4989336690
23	0	10497546425	8	0	10497546425
23	0	7721568510	9	0	7721568510
23	0	3899276739	10	0	3899276739
23	0	8002084261	11	0	8002084261
23	0	3809239067	12	0	3809239067
23	0	539919028	13	0	539919028
23	0	7201320344	14	0	7201320344
23	0	11732748375	15	0	11732748375
23	0	3900059440	16	0	3900059440
23	0	12394503023	17	0	12394503023
23	0	5096313333	18	0	5096313333
23	0	10498053933	19	0	10498053933
23	0	11820120073	20	0	11820120073
23	0	4720890011	21	0	4720890011
23	0	5096911126	22	0	5096911126
23	0	4721555530	23	0	4721555530
23	0	12394755404	24	0	12394755404
23	0	5440912328	25	0	5440912328
23	0	5213996871	26	0	5213996871
23	0	7201347740	27	0	7201347740
23	0	431812948	28	0	431812948
23	0	11732230455	29	0	11732230455
23	0	4988731805	30	0	4988731805
23	0	3805261350	31	0	3805261350
23	0	7201338836	32	0	7201338836
23	0	8222473671	33	0	8222473671
23	0	2454740571	34	0	2454740571
23	0	5096313455	35	0	5096313455
23	0	2602690034	36	0	2602690034
23	0	11733289864	37	0	11733289864
23	0	3804449389	38	0	3804449389
23	0	6602678237	39	0	6602678237
23	0	11733591956	40	0	11733591956
23	0	11732354385	41	0	11732354385
23	0	6991343152	42	0	6991343152
23	0	521704275	43	0	521704275
23	0	2299072420	44	0	2299072420
23	0	8639532518	45	0	8639532518
23	0	7201319212	46	0	7201319212
23	0	521677044	47	0	521677044
23	0	5440309453	48	0	5440309453
23	0	3516859062	49	0	3516859062
24	0	7708306180	0	0	7708306180
24	0	2902582615	1	0	2902582615
24	0	2598688979	2	0	2598688979
24	0	2212300301	3	0	2212300301
24	0	4501138433	4	0	4501138433
24	0	9838838294	5	0	9838838294
24	0	2477058053	6	0	2477058053
24	0	8653272913	7	0	8653272913
24	0	9282545690	8	0	9282545690
24	0	626387657	9	0	626387657
24	0	8768427721	10	0	8768427721
24	0	2849497539	11	0	2849497539
24	0	7189671892	12	0	7189671892
24	0	6739488965	13	0	6739488965
24	0	8558970800	14	0	8558970800
24	0	2423863366	15	0	2423863366
24	0	8557857521	16	0	8557857521
24	0	4258414762	17	0	4258414762
24	0	3118039171	18	0	3118039171
24	0	5099625465	19	0	5099625465
24	0	8155173557	20	0	8155173557
24	0	4257656589	21	0	4257656589
24	0	8773245552	22	0	8773245552
24	0	5100226496	23	0	5100226496
24	0	7191682578	24	0	7191682578
24	0	8155178515	25	0	8155178515
24	0	2850329510	26	0	2850329510
24	0	9279760637	27	0	9279760637
24	0	6739485967	28	0	6739485967
24	0	369445762	29	0	369445762
24	0	627269522	30	0	627269522
24	0	2457745660	31	0	2457745660
24	0	2450161544	32	0	2450161544
24	0	2456918469	33	0	2456918469
24	0	5159842047	34	0	5159842047
24	0	627277774	35	0	627277774
24	0	8671077420	36	0	8671077420
24	0	8978419236	37	0	8978419236
24	0	8155196702	38	0	8155196702
24	0	6739484983	39	0	6739484983
24	0	4257658331	40	0	4257658331
24	0	8155015011	41	0	8155015011
24	0	2849498351	42	0	2849498351
24	0	6739484063	43	0	6739484063
24	0	7179795872	44	0	7179795872
24	0	7692504868	45	0	7692504868
24	0	8155210366	46	0	8155210366
24	0	4498877138	47	0	4498877138
24	0	8773283324	48	0	8773283324
24	0	2849498245	49	0	2849498245
25	0	9364823227	0	0	9364823227
25	0	5134015125	1	0	5134015125
25	0	70503247	2	0	70503247
25	0	11285208	3	0	11285208
25	0	5819438633	4	0	5819438633
25	0	3297685197	5	0	3297685197
25	0	7545556044	6	0	7545556044
25	0	3687287373	7	0	3687287373
25	0	2778342839	8	0	2778342839
25	0	3944409335	9	0	3944409335
25	0	4012848937	10	0	4012848937
25	0	7748949834	11	0	7748949834
25	0	11865124785	12	0	11865124785
25	0	2730271392	13	0	2730271392
25	0	3629356261	14	0	3629356261
25	0	2729310629	15	0	2729310629
25	0	1428403377	16	0	1428403377
25	0	3779286782	17	0	3779286782
25	0	3777250659	18	0	3777250659
25	0	3630177754	19	0	3630177754
25	0	3773755365	20	0	3773755365
25	0	1429277500	21	0	1429277500
25	0	3732072735	22	0	3732072735
25	0	4438250977	23	0	4438250977
25	0	3732902264	24	0	3732902264
25	0	3732915768	25	0	3732915768
25	0	4439026192	26	0	4439026192
25	0	4013616626	27	0	4013616626
25	0	4439033482	28	0	4439033482
25	0	3019555725	29	0	3019555725
25	0	3779292138	30	0	3779292138
25	0	11865972836	31	0	11865972836
25	0	7545558604	32	0	7545558604
25	0	3779858283	33	0	3779858283
25	0	3945201862	34	0	3945201862
25	0	4438249053	35	0	4438249053
25	0	3732875654	36	0	3732875654
25	0	3687286761	37	0	3687286761
25	0	3827225565	38	0	3827225565
25	0	3788328460	39	0	3788328460
25	0	7545557102	40	0	7545557102
25	0	11865972686	41	0	11865972686
25	0	3317345326	42	0	3317345326
25	0	4012850149	43	0	4012850149
25	0	4439026700	44	0	4439026700
25	0	1428401613	45	0	1428401613
25	0	5582121742	46	0	5582121742
25	0	3830392970	47	0	3830392970
25	0	4439035296	48	0	4439035296
25	0	3944406887	49	0	3944406887
26	0	5554064683	0	0	5554064683
26	0	193788469	1	0	193788469
26	0	9617659901	2	0	9617659901
26	0	1799241762	3	0	1799241762
26	0	5611681967	4	0	5611681967
26	0	3434353579	5	0	3434353579
26	0	4598224965	6	0	4598224965
26	0	6274407641	7	0	6274407641
26	0	6280417560	8	0	6280417560
26	0	7037628693	9	0	7037628693
26	0	680827502	10	0	680827502
26	0	112242501	11	0	112242501
26	0	5096278363	12	0	5096278363
26	0	2779695912	13	0	2779695912
26	0	4746343456	14	0	4746343456
26	0	1954857953	15	0	1954857953
26	0	2392820298	16	0	2392820298
26	0	3309785881	17	0	3309785881
26	0	6891536334	18	0	6891536334
26	0	2391990493	19	0	2391990493
26	0	5096874748	20	0	5096874748
26	0	8263917479	21	0	8263917479
26	0	6279892153	22	0	6279892153
26	0	3392225125	23	0	3392225125
26	0	1955829324	24	0	1955829324
26	0	3400934744	25	0	3400934744
26	0	4598842622	26	0	4598842622
26	0	8264997786	27	0	8264997786
26	0	680202635	28	0	680202635
26	0	2778848263	29	0	2778848263
26	0	4745825323	30	0	4745825323
26	0	4745749035	31	0	4745749035
26	0	2232146012	32	0	2232146012
26	0	6262627314	33	0	6262627314
26	0	3308185446	34	0	3308185446
26	0	2778834633	35	0	2778834633
26	0	3396193652	36	0	3396193652
26	0	8263922931	37	0	8263922931
26	0	112243572	38	0	112243572
26	0	112242497	39	0	112242497
26	0	3317132243	40	0	3317132243
26	0	1944634552	41	0	1944634552
26	0	6262107581	42	0	6262107581
26	0	3400132921	43	0	3400132921
26	0	6262100823	44	0	6262100823
26	0	3307567251	45	0	3307567251
26	0	6274935598	46	0	6274935598
26	0	3307350379	47	0	3307350379
26	0	3345798108	48	0	3345798108
26	0	2399262243	49	0	2399262243
27	0	7473328636	0	0	7473328636
27	0	5268900519	1	0	5268900519
27	0	4105861783	2	0	4105861783
27	0	2771193237	3	0	2771193237
27	0	6910897237	4	0	6910897237
27	0	2313902629	5	0	2313902629
27	0	6077356765	6	0	6077356765
27	0	5497362355	7	0	5497362355
27	0	2614110022	8	0	2614110022
27	0	2523908185	9	0	2523908185
27	0	8220410000	10	0	8220410000
27	0	9857662016	11	0	9857662016
27	0	11751246553	12	0	11751246553
27	0	3170652501	13	0	3170652501
27	0	3185714822	14	0	3185714822
27	0	3313056116	15	0	3313056116
27	0	3171484234	16	0	3171484234
27	0	2524735294	17	0	2524735294
27	0	5056614025	18	0	5056614025
27	0	6868439308	19	0	6868439308
27	0	7014610535	20	0	7014610535
27	0	3184871233	21	0	3184871233
27	0	5497962124	22	0	5497962124
27	0	3312398493	23	0	3312398493
27	0	11750946615	24	0	11750946615
27	0	9337139389	25	0	9337139389
27	0	5059343337	26	0	5059343337
27	0	9857533935	27	0	9857533935
27	0	5285625077	28	0	5285625077
27	0	8219342345	29	0	8219342345
27	0	6916923093	30	0	6916923093
27	0	2613272151	31	0	2613272151
27	0	3755043132	32	0	3755043132
27	0	7240599800	33	0	7240599800
27	0	2314715700	34	0	2314715700
27	0	9857700925	35	0	9857700925
27	0	5059340137	36	0	5059340137
27	0	11751023475	37	0	11751023475
27	0	3213336488	38	0	3213336488
27	0	1193619034	39	0	1193619034
27	0	8220413134	40	0	8220413134
27	0	11751292774	41	0	11751292774
27	0	8219336145	42	0	8219336145
27	0	6868482726	43	0	6868482726
27	0	5285625683	44	0	5285625683
27	0	7822341174	45	0	7822341174
27	0	5497969214	46	0	5497969214
27	0	5236672840	47	0	5236672840
27	0	6866650616	48	0	6866650616
27	0	2313912667	49	0	2313912667
28	0	2976176423	0	0	2976176423
28	0	10650631163	1	0	10650631163
28	0	3978328679	2	0	3978328679
28	0	6479931561	3	0	6479931561
28	0	4847507978	4	0	4847507978
28	0	2482756687	5	0	2482756687
28	0	4846887335	6	0	4846887335
28	0	481403224	7	0	481403224
28	0	3397457265	8	0	3397457265
28	0	8993141420	9	0	8993141420
28	0	5138240457	10	0	5138240457
28	0	7669743422	11	0	7669743422
28	0	9203105571	12	0	9203105571
28	0	6700314595	13	0	6700314595
28	0	8525061998	14	0	8525061998
28	0	3398261716	15	0	3398261716
28	0	3118939717	16	0	3118939717
28	0	6705163319	17	0	6705163319
28	0	2483574130	18	0	2483574130
28	0	7669667584	19	0	7669667584
28	0	8991955645	20	0	8991955645
28	0	138908177	21	0	138908177
28	0	9205890218	22	0	9205890218
28	0	7423550510	23	0	7423550510
28	0	10405932235	24	0	10405932235
28	0	6947680077	25	0	6947680077
28	0	4791684371	26	0	4791684371
28	0	2886513934	27	0	2886513934
28	0	4056769011	28	0	4056769011
28	0	8991938569	29	0	8991938569
28	0	5138853562	30	0	5138853562
28	0	3676878611	31	0	3676878611
28	0	7774626850	32	0	7774626850
28	0	3951504485	33	0	3951504485
28	0	5138871416	34	0	5138871416
28	0	6799483464	35	0	6799483464
28	0	6417790281	36	0	6417790281
28	0	6700328527	37	0	6700328527
28	0	1850556281	38	0	1850556281
28	0	9186157305	39	0	9186157305
28	0	4534113784	40	0	4534113784
28	0	7669686422	41	0	7669686422
28	0	6947680687	42	0	6947680687
28	0	6700321899	43	0	6700321899
28	0	5884122323	44	0	5884122323
28	0	2482817075	45	0	2482817075
28	0	7657020532	46	0	7657020532
28	0	9363910295	47	0	9363910295
28	0	6700311309	48	0	6700311309
28	0	2483652182	49	0	2483652182
29	0	5652448759	0	0	5652448759
29	0	3567700775	1	0	3567700775
29	0	6182579297	2	0	6182579297
29	0	4402144343	3	0	4402144343
29	0	6669385265	4	0	6669385265
29	0	7969541618	5	0	7969541618
29	0	6393466521	6	0	6393466521
29	0	7572875576	7	0	7572875576
29	0	3388813619	8	0	3388813619
29	0	3172446287	9	0	3172446287
29	0	308604130	10	0	308604130
29	0	5898162139	11	0	5898162139
29	0	7286541026	12	0	7286541026
29	0	5965409463	13	0	5965409463
29	0	7796609008	14	0	7796609008
29	0	902931121	15	0	902931121
29	0	7225653660	16	0	7225653660
29	0	903781792	17	0	903781792
29	0	9844318876	18	0	9844318876
29	0	7225611702	19	0	7225611702
29	0	4881494463	20	0	4881494463
29	0	7782669660	21	0	7782669660
29	0	3389624448	22	0	3389624448
29	0	5898733584	23	0	5898733584
29	0	307605480	24	0	307605480
29	0	5966004664	25	0	5966004664
29	0	9844427733	26	0	9844427733
29	0	4882069104	27	0	4882069104
29	0	347369751	28	0	347369751
29	0	9844193504	29	0	9844193504
29	0	4881459899	30	0	4881459899
29	0	1717395294	31	0	1717395294
29	0	1693646001	32	0	1693646001
29	0	1698065985	33	0	1698065985
29	0	1642761792	34	0	1642761792
29	0	1709427114	35	0	1709427114
29	0	5962728317	36	0	5962728317
29	0	7511109552	37	0	7511109552
29	0	7572906112	38	0	7572906112
29	0	7796611978	39	0	7796611978
29	0	1712659557	40	0	1712659557
29	0	903781782	41	0	903781782
29	0	309043880	42	0	309043880
29	0	7572911352	43	0	7572911352
29	0	347358821	44	0	347358821
29	0	5898725970	45	0	5898725970
29	0	7410386728	46	0	7410386728
29	0	9844312815	47	0	9844312815
29	0	5898170771	48	0	5898170771
29	0	4881501233	49	0	4881501233
30	0	6691760003	0	0	0.52639748210357
30	0	3664958429	1	0	0.46456836575136
30	0	5987189528	2	0	0.409636792702648
30	0	3838683828	3	0	0.429616371474155
30	0	5128347276	4	0	0.335548368591545
30	0	7639992150	5	0	0.23468006844953
30	0	8560166315	6	0	0.371665469171072
30	0	2987908535	7	0	2987908535
30	0	4928044682	8	0	0.27086720626486
30	0	9554397299	9	0	9554397299
30	0	7846944456	10	0	0.387893964078714
30	0	72863296	11	0	0.291727218420867
30	0	7323923	12	0	0.408029896738915
30	0	2361854469	13	0	0.572072901669131
30	0	5175933457	14	0	0.497803123143887
30	0	2973809637	15	0	0.438954528244381
30	0	8838667969	16	0	0.184939447142273
30	0	2461838546	17	0	0.329526762190947
30	0	5129781006	18	0	0.281446685364554
30	0	2974663894	19	0	0.455678000949505
30	0	2757457623	20	0	0.350188824636495
30	0	5118494471	21	0	0.078227941358693
30	0	8839266480	22	0	0.200914951469567
30	0	2461004307	23	0	0.265823451382662
30	0	2381941393	24	0	0.525663840325278
30	0	11497521	25	0	0.254286200612658
30	0	8839339706	26	0	0.224924519097394
30	0	946553486	27	0	946553486
30	0	4738421388	28	0	0.396329331444549
30	0	3885467754	29	0	0.470691643040795
30	0	486487275	30	0	0.377091329699918
30	0	9557820464	31	0	9557820464
30	0	5119096654	32	0	0.177458882975559
30	0	3884662103	33	0	0.450452013977795
30	0	72970829	34	0	0.154152742006678
30	0	2355546016	35	0	0.499658252659122
30	0	486485057	36	0	0.487036081397974
30	0	6848901676	37	0	0.461819354782915
30	0	2460989151	38	0	0.272915679495125
30	0	3827584050	39	0	0.47731791014557
30	0	12542204	40	0	0.234033492128625
30	0	9557333658	41	0	9557333658
30	0	2974643492	42	0	0.34465617597915
30	0	9558757600	43	0	9558757600
30	0	3885459460	44	0	0.413353690893135
30	0	6691761153	45	0	0.401199471707936
30	0	486453704	46	0	0.427734032263756
30	0	945742711	47	0	0.273683765436327
30	0	5711873736	48	0	0.330059356896603
30	0	2461004853	49	0	0.187992436590594
