1	0	5872538040	0	0.519656794940036	0
1	0	99211296	1	0.57380518785581	0
1	0	278546113	2	0.414199811368913	0
1	0	5187098973	3	0.270155258400684	0
1	0	318613804	4	0.360224926072805	0
1	0	223803687	5	0.30326358181855	0
1	0	1832755256	6	0.260925537644094	0
1	0	2058915725	7	0.40112350780316	0
1	0	3100192297	8	0.353757292890292	0
1	0	40221751	9	0.199534918767886	0
1	0	282288074	10	0.588921424566614	0
1	0	4040194494	11	0.517393540505353	0
1	0	5677129582	12	0.338484690026569	0
1	0	1675682028	13	0.423432938285317	0
1	0	2517322077	14	0.204345992337576	0
1	0	3937929027	15	0.309739066411231	0
1	0	3379490419	16	0.162391706225611	0
1	0	2681336999	17	0.218657352628498	0
1	0	2873157332	18	0.311532288501605	0
1	0	1674808621	19	0.191642105292447	0
1	0	3718482162	20	0.220745358571199	0
1	0	2682134074	21	0.246508371256144	0
1	0	5269719795	22	0.0828828048857003	0
1	0	4818781521	23	0.173714544563321	0
1	0	96842062	24	0.257623006981634	0
1	0	3106390483	25	0.264549536116915	0
1	0	7799190456	26	0.148465240384817	0
1	0	2872337795	27	0.391847965017333	0
1	0	1831719961	28	0.190029998620993	0
1	0	6853242318	29	0.133705350863075	0
1	0	5172184052	30	0.139518911001536	0
1	0	3070534991	31	0.353941700912949	0
1	0	455623079	32	0.241662496162053	0
1	0	7011360169	33	0.23058026665407	0
1	0	2198567778	34	0.618573402155693	0
1	0	3839702658	35	0.167912991448524	0
1	0	3337175001	36	0.302540232200299	0
1	0	2681345861	37	0.124104235197504	0
1	0	1288780397	38	0.146460446343608	0
1	0	282297251	39	0.305438536568146	0
1	0	2872336521	40	0.258123207000091	0
1	0	5193321637	41	0.0679434639700054	0
1	0	9333818080	42	0.141858552380654	0
1	0	1675790948	43	0.0260712006815797	0
1	0	318612671	44	0.187859119463528	0
1	0	513594929	45	0.288873310973662	0
1	0	318615817	46	0.279570043239585	0
1	0	2892908876	47	0.216301660199272	0
1	0	2607614226	48	0.209524440696222	0
1	0	5464344376	49	0.0706242862334733	0
2	0	9533699830	0	0.411598905426495	0
2	0	2629831173	1	0.577753122005939	0
2	0	3770029302	2	0.446507147380648	0
2	0	5455578324	3	0.337556583059576	0
2	0	5993419426	4	0.391460950921296	0
2	0	5566463504	5	0.545163286635265	0
2	0	318465876	6	0.507871584483409	0
2	0	4734019980	7	0.461395495629917	0
2	0	8642245897	8	0.345425784389082	0
2	0	3795731986	9	0.552072434689245	0
2	0	27483771	10	0.341052060731528	0
2	0	8331889628	11	0.18839428698832	0
2	0	3043871600	12	0.447101303116505	0
2	0	8330799519	13	0.199199459327188	0
2	0	7042311519	14	0.513506834006242	0
2	0	3740006657	15	0.424506675293714	0
2	0	7855909930	16	0.397414042505962	0
2	0	6582496711	17	0.39717538364436	0
2	0	11467896214	18	0.419514938157973	0
2	0	3739365059	19	0.311331464139526	0
2	0	24333421	20	0.255921757706316	0
2	0	461817428	21	0.416685886771339	0
2	0	3775281856	22	0.267480867505654	0
2	0	8228431672	23	0.378035552332227	0
2	0	2509627375	24	0.504259967575713	0
2	0	2465223599	25	0.353443850687723	0
2	0	2744360888	26	0.337720257889611	0
2	0	8617964931	27	0.386784645081412	0
2	0	4581439243	28	0.387654277453315	0
2	0	735596824	29	0.32953513837737	0
2	0	3940916652	30	0.397712656409055	0
2	0	167196217	31	0.531176754245327	0
2	0	8452074061	32	0.413030725903209	0
2	0	7305211204	33	0.240075921885505	0
2	0	2188644187	34	0.373061931861089	0
2	0	7196668032	35	0.252550030571128	0
2	0	7999088401	36	0.390336895027155	0
2	0	2924458921	37	0.273762446727091	0
2	0	5538918645	38	0.20021470275571	0
2	0	5091231717	39	0.29570129867761	0
2	0	7536840750	40	0.469591084299372	0
2	0	296662143	41	0.384800214409415	0
2	0	9372973814	42	0.324122003503382	0
2	0	5755073467	43	0.283238997460686	0
2	0	8263232359	44	0.333042189457325	0
2	0	2587362435	45	0.426227274405966	0
2	0	2674622586	46	0.306453997313302	0
2	0	339911248	47	0.243998607042896	0
2	0	9723829589	48	0.349186021755935	0
2	0	5315469321	49	0.509678376108348	0
3	0	4107880947	0	0.38011402894071	0
3	0	4027657471	1	0.375177473521456	0
3	0	5962943290	2	0.400361681319873	0
3	0	1427361820	3	0.317150981188401	0
3	0	7931080032	4	0.300648240426816	0
3	0	6828790001	5	0.370223207517583	0
3	0	10656743583	6	0.336547051874175	0
3	0	5290290829	7	0.614850522271871	0
3	0	2690010339	8	0.216246492982121	0
3	0	290352449	9	0.647666308008126	0
3	0	9423407180	10	0.248696712882061	0
3	0	2620004935	11	0.127493405531509	0
3	0	11703565136	12	0.7802051404801	0
3	0	4685001363	13	0.367148629353208	0
3	0	4685634504	14	0.460600829775016	0
3	0	4771811647	15	0.17987369108299	0
3	0	11702707043	16	0.83127729959539	0
3	0	10452269596	17	0.21675190188708	0
3	0	2620834132	18	0.330463044587571	0
3	0	290354671	19	0.408567976999191	0
3	0	2706918582	20	0.0906359286451981	0
3	0	10452119926	21	0.249061816629008	0
3	0	2531087583	22	0.341401277857605	0
3	0	9420661179	23	0.242974796966023	0
3	0	2531902786	24	0.351793058717129	0
3	0	5290887022	25	0.588301605744378	0
3	0	4772452248	26	0.347101438080977	0
3	0	8297428311	27	0.405998888730321	0
3	0	2412391894	28	0.455404740606811	0
3	0	10452363613	29	0.324205742018084	0
3	0	2412555618	30	0.653060029634404	0
3	0	2706098567	31	0.144764290685129	0
3	0	10633459373	32	0.250426774429346	0
3	0	2533475250	33	0.112095821026833	0
3	0	8298394302	34	0.399591080047143	0
3	0	2691021202	35	0.139572243614379	0
3	0	2411547713	36	0.493918146423938	0
3	0	7867583610	37	0.380078140784907	0
3	0	2411757963	38	0.408573089000814	0
3	0	2706917898	39	0.22820560366684	0
3	0	7867357776	40	0.582133719864607	0
3	0	2706098941	41	0.180632945784427	0
3	0	2620834398	42	0.0716030971693147	0
3	0	6828825667	43	0.242767752543295	0
3	0	9420640985	44	0.172445499617988	0
3	0	4772076337	45	0.095492135285443	0
3	0	2689927019	46	0.052977870107043	0
3	0	2706917288	47	0.0601138016129285	0
3	0	4771812127	48	0.0849371218127077	0
3	0	2411640183	49	0.0979932653493329	0
4	0	4528643488	0	0.330357788209082	0
4	0	12497234034	1	0.240176168215561	0
4	0	2463791517	2	0.321247840682602	0
4	0	336303595	3	0.356637201047312	0
4	0	9847017654	4	0.316973739107532	0
4	0	4005081942	5	0.469735315685599	0
4	0	2686709276	6	0.213284575442857	0
4	0	5782604289	7	0.323725539676822	0
4	0	6460218519	8	0.43884438212581	0
4	0	7770596078	9	0.247965151705524	0
4	0	487290291	10	0.786227295725154	0
4	0	2899133600	11	0.260613446443244	0
4	0	218443542	12	0.211793117975007	0
4	0	3830534494	13	0.3955147374838	0
4	0	1593637477	14	0.287970157085996	0
4	0	5959997499	15	0.205234445824953	0
4	0	3829736657	16	0.53995796253326	0
4	0	3113303153	17	0.237918469016606	0
4	0	4830650731	18	0.293184614259005	0
4	0	9015160185	19	0.358176910642195	0
4	0	3093560172	20	0.241234142931737	0
4	0	1594465288	21	0.298489145690228	0
4	0	1428779394	22	0.446566353458543	0
4	0	7770596642	23	0.209228146094145	0
4	0	8354857679	24	0.406021250042976	0
4	0	487262328	25	0.786179223382221	0
4	0	2907637389	26	0.21642404100604	0
4	0	7468141678	27	0.438003234630664	0
4	0	5361686565	28	0.305996893471894	0
4	0	3859608467	29	0.331363112623504	0
4	0	7468178994	30	0.405227247824975	0
4	0	7468192418	31	0.253577318936658	0
4	0	2904232819	32	0.169206037436286	0
4	0	7468158268	33	0.317257299193898	0
4	0	3092724249	34	0.170436709029644	0
4	0	2736291534	35	0.331544060595137	0
4	0	7462124956	36	0.2132796110381	0
4	0	6420941253	37	0.185189922560963	0
4	0	3770431016	38	0.397101534608162	0
4	0	487258854	39	0.428361216017578	0
4	0	218441624	40	0.180581245562711	0
4	0	3830535342	41	0.278289690067628	0
4	0	2686725548	42	0.0394355392339489	0
4	0	4015325236	43	0.345624524716549	0
4	0	2837147288	44	0.164891290085183	0
4	0	5536324142	45	0.256663583153713	0
4	0	7770578464	46	0.0567960233609886	0
4	0	4002501619	47	0.311269196776584	0
4	0	336298478	48	0.0475657686857958	0
4	0	5790803571	49	0.284193667940264	0
5	0	10796250165	0	0.403983412590138	0
5	0	5134828079	1	0.686234380592169	0
5	0	3867236296	2	0.561567028916746	0
5	0	5722301303	3	0.407755169084728	0
5	0	4120530597	4	0.505205096545741	0
5	0	8044746707	5	0.380301501739578	0
5	0	2879419816	6	0.407936189988425	0
5	0	8523165211	7	0.623858943916601	0
5	0	2892264371	8	0.401616105238924	0
5	0	8664737149	9	0.684302548741531	0
5	0	9283161445	10	0.465691644009496	0
5	0	10452850345	11	0.229717618897366	0
5	0	2486787510	12	0.182100013126262	0
5	0	9263060779	13	0.509433326924225	0
5	0	8247174835	14	0.575440428451651	0
5	0	8432810306	15	0.498133293040967	0
5	0	6912341307	16	0.265528909495954	0
5	0	2698919922	17	0.510113426125989	0
5	0	2698097007	18	0.65059241604692	0
5	0	8248244294	19	0.713426892718065	0
5	0	9567241713	20	0.427464230247362	0
5	0	12393141465	21	0.23947084697136	0
5	0	8665837568	22	0.63690274553855	0
5	0	6254348733	23	0.519518987797385	0
5	0	9570091184	24	0.54732833884187	0
5	0	9175471222	25	0.415749917557096	0
5	0	8725883340	26	0.403761101871227	0
5	0	6254880864	27	0.342835095521974	0
5	0	2898659607	28	0.356761331476687	0
5	0	9265776726	29	0.421609627815339	0
5	0	8140825048	30	0.435813543675795	0
5	0	9004444004	31	0.345101212702742	0
5	0	2486048401	32	0.12398666553941	0
5	0	9337830887	33	0.187248982316126	0
5	0	9265839208	34	0.62636569482572	0
5	0	2697962213	35	0.384520130281488	0
5	0	2486786290	36	0.0540455325414908	0
5	0	6250108839	37	0.389057153931449	0
5	0	8137623674	38	0.315131255632744	0
5	0	4873565340	39	0.321507334681985	0
5	0	9250905871	40	0.409687141099546	0
5	0	3582022234	41	0.112490825825413	0
5	0	2486869688	42	0.0280399098465411	0
5	0	6917829585	43	0.159962601974692	0
5	0	8044745515	44	0.170023360032121	0
5	0	7906710108	45	0.13513067459112	0
5	0	9546732080	46	0.0637385943030407	0
5	0	9265852120	47	0.312762222795587	0
5	0	8044743915	48	0.116352197871403	0
5	0	3268957790	49	0.185710087753157	0
6	0	4805371335	0	4805371335	0
6	0	4263243247	1	0.492008570240134	0
6	0	8020669765	2	0.382822867190592	0
6	0	4478634303	3	0.362811677388112	0
6	0	4537520576	4	0.435490805015622	0
6	0	416544721	5	0.426057499877358	0
6	0	5038775500	6	0.391881069479366	0
6	0	4168840262	7	0.363911125296489	0
6	0	6908254000	8	0.322060377388803	0
6	0	5258179399	9	0.496907501292661	0
6	0	8991128682	10	0.36824859999143	0
6	0	11516327404	11	0.394910784728174	0
6	0	4166176889	12	0.433015992292968	0
6	0	8396212236	13	0.358211538718758	0
6	0	8395122203	14	0.389777876957752	0
6	0	4166938142	15	0.402955715330771	0
6	0	5038158893	16	0.404324680310188	0
6	0	5052126248	17	0.485291272707683	0
6	0	3274973326	18	0.277444271980241	0
6	0	4026698104	19	0.220463811435987	0
6	0	6997717861	20	0.463950924823958	0
6	0	6098236714	21	0.404091593232504	0
6	0	5258788846	22	0.430380941387911	0
6	0	5051515825	23	0.506494460641817	0
6	0	3274153053	24	0.262600112265899	0
6	0	4133265684	25	0.504308275686555	0
6	0	5456075003	26	0.254682653237618	0
6	0	5052130916	27	0.273538151080306	0
6	0	8999745213	28	0.318581737418668	0
6	0	5111088090	29	0.497772608388991	0
6	0	5111037314	30	0.581922316362391	0
6	0	4025944623	31	0.355630596161553	0
6	0	5455990367	32	0.189716663789153	0
6	0	4016650654	33	0.617905680780954	0
6	0	5456805866	34	0.242042870559917	0
6	0	11751728964	35	0.293583904961223	0
6	0	3274153589	36	0.170774425622508	0
6	0	9004176518	37	0.30732580225194	0
6	0	5456601624	38	0.250857019581802	0
6	0	5110456339	39	0.502091497308259	0
6	0	5456307371	40	0.256019060993021	0
6	0	3274974928	41	0.110180848856866	0
6	0	4043635278	42	0.346138774160614	0
6	0	9004173270	43	0.233040378861659	0
6	0	5456522918	44	0.239606532508494	0
6	0	6851594024	45	0.266628708164622	0
6	0	416554672	46	0.0493535067293358	0
6	0	6908257720	47	0.145884123564019	0
6	0	416544843	48	0.123930248761889	0
6	0	11545827426	49	0.321521312606014	0
7	0	2262327944	0	0.519700038813069	0
7	0	8513651959	1	0.193673661432598	0
7	0	3298324199	2	0.220592900940529	0
7	0	501810169	3	0.330230268037507	0
7	0	5542405595	4	0.432401591905692	0
7	0	3145653644	5	0.246984274689034	0
7	0	6932994858	6	0.0881976447309544	0
7	0	10719926344	7	0.317995979441401	0
7	0	4268086067	8	0.367405979266432	0
7	0	7381767396	9	0.225465235413339	0
7	0	347112658	10	0.562207456134259	0
7	0	3821451931	11	0.540163021745478	0
7	0	10892194156	12	0.239964049134337	0
7	0	4438562503	13	0.270231702658849	0
7	0	9504069775	14	0.282925258341342	0
7	0	9506816864	15	0.427885009156701	0
7	0	3433129064	16	0.27049315974548	0
7	0	5270770709	17	0.184798379844285	0
7	0	8301492165	18	0.111673513132666	0
7	0	4441652196	19	0.291176877259329	0
7	0	5502375353	20	0.231798561740736	0
7	0	8302540384	21	0.18364215856566	0
7	0	7381886208	22	0.233163400066151	0
7	0	4439339206	23	0.107831175140121	0
7	0	5502970794	24	0.152676983248461	0
7	0	5271356488	25	0.203547357001969	0
7	0	10719988883	26	0.2612896333978	0
7	0	3443824338	27	0.291724177246743	0
7	0	4268827186	28	0.356520028871728	0
7	0	3821653979	29	0.377511662213484	0
7	0	4441653048	30	0.299420535636959	0
7	0	5502387039	31	0.095338676534208	0
7	0	3144821887	32	0.271098199538869	0
7	0	10892303784	33	0.128435695334248	0
7	0	7079071331	34	0.0971460307238449	0
7	0	3443002977	35	0.26335961909878	0
7	0	3822257786	36	0.741085454995162	0
7	0	5270758023	37	0.226498713290529	0
7	0	4440874655	38	0.267037421170738	0
7	0	3436239581	39	0.604939374105001	0
7	0	10892463733	40	0.059088258790282	0
7	0	4438566597	41	0.06124698149264	0
7	0	10892462583	42	0.145720620597171	0
7	0	4440874449	43	0.252978140862221	0
7	0	7077928479	44	0.0232252410993209	0
7	0	4439340094	45	0.0237792748868233	0
7	0	4268085715	46	0.33373134573264	0
7	0	7381945686	47	0.203310178998356	0
7	0	9504113415	48	0.213161700698278	0
7	0	7079026569	49	0.0234090981630822	0
8	0	31799359	0	0.380702514141258	0
8	0	6179135732	1	0.576698604365585	0
8	0	7756539448	2	0.548836695468774	0
8	0	5338891113	3	0.511599004480007	0
8	0	405023985	4	0.499564432833927	0
8	0	6084535020	5	0.298425945146976	0
8	0	103569212	6	0.619070589929364	0
8	0	4764574819	7	0.933500004033885	0
8	0	1306855842	8	0.610701911949319	0
8	0	5928070030	9	0.734469057793823	0
8	0	471139704	10	0.609616847849995	0
8	0	2829748335	11	0.460449914257652	0
8	0	4207511469	12	0.362339867524117	0
8	0	4827691370	13	0.461547280623975	0
8	0	471141027	14	0.523708879595604	0
8	0	2357090456	15	0.261215061458382	0
8	0	2579660906	16	0.493888345530685	0
8	0	2830586752	17	0.644104258457427	0
8	0	6983364903	18	0.337861525349591	0
8	0	1979433292	19	0.597245476306677	0
8	0	5658458626	20	0.383646655031663	0
8	0	4952940070	21	0.582243990407552	0
8	0	2356264285	22	0.574390820999498	0
8	0	6226638274	23	0.530452581566422	0
8	0	2356257745	24	0.343035093277642	0
8	0	8434377050	25	0.254679700024971	0
8	0	4734226554	26	0.311151990222937	0
8	0	6226110353	27	0.519248519394313	0
8	0	260611919	28	0.429108481049428	0
8	0	3799085111	29	0.298636394396886	0
8	0	6445111245	30	0.339330094561303	0
8	0	3291755114	31	0.604782825135912	0
8	0	4619788825	32	0.621201378052419	0
8	0	4981209783	33	0.675701242027318	0
8	0	355399445	34	0.342555658172444	0
8	0	2830587346	35	0.360744777324375	0
8	0	4386645618	36	0.637418352280557	0
8	0	4760356683	37	0.168425010282737	0
8	0	2142285729	38	0.323217933678998	0
8	0	9186319976	39	0.382712820568034	0
8	0	471121914	40	0.278305702427687	0
8	0	471119878	41	0.306454773380965	0
8	0	5250031697	42	0.513650085591213	0
8	0	6232867321	43	0.285615797173837	0
8	0	1039576012	44	0.258950385848308	0
8	0	10125352554	45	0.26978479592896	0
8	0	2357088640	46	0.350105969424091	0
8	0	6256799042	47	0.148466477711936	0
8	0	2356265081	48	0.44880395576508	0
8	0	108586683	49	0.525052702273206	0
9	0	10045809175	0	0.476918697587533	0
9	0	4909428001	1	0.69583098317744	0
9	0	5250933407	2	0.573349380647414	0
9	0	461602133	3	0.277215143249243	0
9	0	8492197487	4	0.423406046524226	0
9	0	3897478187	5	0.391954332641685	0
9	0	5998981575	6	0.393007052654565	0
9	0	135116270	7	0.611141601952659	0
9	0	2183308589	8	0.345733047396235	0
9	0	4309410298	9	0.509335403049554	0
9	0	8877220281	10	0.356474308362771	0
9	0	509940004	11	0.472296705758963	0
9	0	2951859592	12	0.520929862805888	0
9	0	4316746457	13	0.453044802423769	0
9	0	5950741397	14	0.373617521946232	0
9	0	542075748	15	0.372063282535	0
9	0	3474151758	16	0.396163246173311	0
9	0	4317482112	17	0.451607760065395	0
9	0	5041872853	18	0.557959391890082	0
9	0	4476855160	19	0.154440734398695	0
9	0	9067746215	20	0.817162776046766	0
9	0	9069966916	21	0.687502362009735	0
9	0	2950994233	22	0.391396401441549	0
9	0	2980998033	23	0.307854451379854	0
9	0	5951279654	24	0.403292119301978	0
9	0	4313364034	25	0.259513781511322	0
9	0	3629159169	26	0.51546945632208	0
9	0	5175916261	27	0.441934664946298	0
9	0	8877830126	28	0.271419830882348	0
9	0	4476079117	29	0.106245745952572	0
9	0	2065524674	30	0.430223697908149	0
9	0	5937151975	31	0.307296838946473	0
9	0	4476080461	32	0.173156638032274	0
9	0	5176521224	33	0.299204743298267	0
9	0	9067744841	34	0.560700849617911	0
9	0	4476855358	35	0.13509327001077	0
9	0	2811278670	36	0.271833828518341	0
9	0	3632560595	37	0.176512258068457	0
9	0	288044415	38	0.521587291173536	0
9	0	3114732891	39	0.187491241807682	0
9	0	6798572025	40	0.322358315175882	0
9	0	4476858062	41	0.120227180711556	0
9	0	5655937322	42	0.500649306423454	0
9	0	4761830880	43	0.135215969786327	0
9	0	4251521178	44	0.284887938115549	0
9	0	3710731224	45	0.131305273358265	0
9	0	8877204767	46	0.241319338895848	0
9	0	8877205941	47	0.0757769897897013	0
9	0	6231951817	48	0.49253893649815	0
9	0	9069968528	49	0.522310517568838	0
10	0	11494188455	0	0.6931161445992	0
10	0	5715461357	1	0.418251770437834	0
10	0	50729239	2	0.364487894728393	0
10	0	3292081585	3	0.461986493008238	0
10	0	6624639513	4	0.457506587054508	0
10	0	6494668899	5	0.800067372405773	0
10	0	8556155103	6	0.373319093778066	0
10	0	5350122501	7	0.732636971114248	0
10	0	3259898966	8	0.62836023519912	0
10	0	2976229	9	0.655058485381121	0
10	0	10428014596	10	0.458524022424925	0
10	0	6045523048	11	0.58353071299951	0
10	0	2433676472	12	0.4438735084829	0
10	0	3770801661	13	0.308000791144228	0
10	0	4459176836	14	0.556898318481385	0
10	0	2829539274	15	0.461869487326441	0
10	0	1806437297	16	0.448518567983573	0
10	0	3530756445	17	0.347930076498262	0
10	0	3531576730	18	0.317817982183805	0
10	0	10686677944	19	0.405591655277958	0
10	0	6044961427	20	0.742902792248283	0
10	0	4458401155	21	0.462072989869385	0
10	0	2828701349	22	0.556342829472072	0
10	0	2432862469	23	0.44282531533412	0
10	0	3299261820	24	0.726455775014282	0
10	0	3771560958	25	0.285926319629511	0
10	0	10041384303	26	0.347944007702705	0
10	0	3298432953	27	0.699249844116135	0
10	0	9960411914	28	0.563460531581738	0
10	0	10686864713	29	0.437235050777253	0
10	0	3298433135	30	0.698968958206312	0
10	0	1807288870	31	0.411494203747798	0
10	0	2976167	32	0.234655718065438	0
10	0	1807316072	33	0.417313522209513	0
10	0	10686860083	34	0.279631772281433	0
10	0	5452759540	35	0.565733895503273	0
10	0	10686637655	36	0.237975442486227	0
10	0	10686877993	37	0.32255287463461	0
10	0	3298430031	38	0.442241881785983	0
10	0	3771541084	39	0.118200982725633	0
10	0	1806444675	40	0.301117858099843	0
10	0	6494678493	41	0.414793434089076	0
10	0	10686675996	42	0.300170625692289	0
10	0	1807319362	43	0.332345397536464	0
10	0	1807314902	44	0.34617788824079	0
10	0	3299257052	45	0.42305649396979	0
10	0	2829538232	46	0.48687389377888	0
10	0	3985550	47	0.304285298000552	0
10	0	4458396589	48	0.347500205603414	0
10	0	3299261094	49	0.465481801089064	0
11	0	3980924038	0	0.336380706737481	0
11	0	7959545774	1	0.390651181365705	0
11	0	4647554676	2	0.17063987582481	0
11	0	2676126339	3	0.330775254414059	0
11	0	5213559317	4	0.535010955484765	0
11	0	64197029	5	0.284783256158081	0
11	0	5518780743	6	0.494096230558358	0
11	0	542108715	7	0.458073496979339	0
11	0	38392491	8	0.347064808116652	0
11	0	7568477022	9	0.358647952308883	0
11	0	141676584	10	0.336288415208218	0
11	0	6099601258	11	0.406916720041295	0
11	0	3825204493	12	0.398181436445405	0
11	0	3769134635	13	0.593679406263986	0
11	0	5688012049	14	0.216768760814267	0
11	0	3581136634	15	0.363453266793703	0
11	0	2155435775	16	0.345114747905705	0
11	0	2253323890	17	0.413635308544298	0
11	0	3769932632	18	0.601039841882845	0
11	0	4049645329	19	0.191094790487848	0
11	0	1535297933	20	0.324526631562833	0
11	0	3826017230	21	0.391429667097494	0
11	0	3580287701	22	0.330282878263745	0
11	0	4737915233	23	0.381837911282057	0
11	0	4050389952	24	0.16207014949916	0
11	0	7366682518	25	0.190411063221232	0
11	0	3764183447	26	0.177199422781141	0
11	0	5090713061	27	0.184202272759135	0
11	0	7181455723	28	0.233120487975781	0
11	0	4050390500	29	0.175075131767589	0
11	0	3298078412	30	0.244026279937668	0
11	0	4518837939	31	0.235543261147006	0
11	0	1043162809	32	0.306254330908624	0
11	0	3412641574	33	0.343679028331624	0
11	0	4979732232	34	0.368005977014304	0
11	0	2843414085	35	0.215491433636204	0
11	0	4050390666	36	0.197297104900796	0
11	0	3863809775	37	0.34000615843257	0
11	0	38385288	38	0.277127903289669	0
11	0	2058811887	39	0.386710831652254	0
11	0	4184448882	40	0.229197298240247	0
11	0	3825966954	41	0.307495290187019	0
11	0	11165601563	42	0.0915013487160401	0
11	0	38394496	43	0.3117601767962	0
11	0	4049645675	44	0.143415015895588	0
11	0	2710777669	45	0.261676557381411	0
11	0	7181455243	46	0.161789819401654	0
11	0	3769922282	47	0.45101613043343	0
11	0	7568503350	48	0.298610548011078	0
11	0	5001745154	49	0.044580483151004	0
12	0	8717212077	0	0.435040596018849	0
12	0	2784176470	1	0.381995351891395	0
12	0	5337290332	2	0.278660902677405	0
12	0	4805997452	3	4805997452	0
12	0	477042293	4	0.395015091620449	0
12	0	6915332765	5	0.296203023161951	0
12	0	2907425156	6	0.595461222170334	0
12	0	3944417741	7	0.286623528928352	0
12	0	3770028511	8	0.537283911445882	0
12	0	3471778308	9	0.306087229767653	0
12	0	4805371335	10	4805371335	0
12	0	2313010863	11	0.599872675983368	0
12	0	4286916166	12	0.387294227262698	0
12	0	40222623	13	0.5439850471834	0
12	0	3770706544	14	0.589780510408876	0
12	0	2530722110	15	0.265035801902837	0
12	0	4286177739	16	0.451811383150668	0
12	0	3844099134	17	0.268040726174737	0
12	0	4805378035	18	4805378035	0
12	0	2526819633	19	0.239015766242394	0
12	0	3843321335	20	0.2956169297004	0
12	0	2529904153	21	0.302694103647425	0
12	0	285689770	22	0.796806548968427	0
12	0	2313793778	23	0.566007203747128	0
12	0	285689351	24	0.625823115109424	0
12	0	933771314	25	0.422588212401882	0
12	0	2906578189	26	0.68408400711329	0
12	0	3935226068	27	0.271923869406711	0
12	0	4225600815	28	0.211651176684832	0
12	0	368382247	29	0.146171375335754	0
12	0	3843307163	30	0.197515420259516	0
12	0	3551796565	31	0.174726390181894	0
12	0	4086056583	32	0.282166940452081	0
12	0	3035203913	33	0.166309768137757	0
12	0	3945512630	34	0.328813275613042	0
12	0	5207618276	35	0.522646388172639	0
12	0	40217553	36	0.298802626067684	0
12	0	2907069437	37	0.520548692107177	0
12	0	3945202422	38	0.262185479799443	0
12	0	2906583495	39	0.341473836638061	0
12	0	272681965	40	0.418846791526317	0
12	0	308207507	41	0.451440142238611	0
12	0	633466358	42	0.650151270707614	0
12	0	3786572822	43	0.141341282401544	0
12	0	6339770591	44	0.308956998136489	0
12	0	40222619	45	0.247859441164377	0
12	0	2530728110	46	0.142074116922712	0
12	0	285683956	47	0.624167797072645	0
12	0	2906577391	48	0.479094078287901	0
12	0	5340248760	49	0.20776372843356	0
13	0	948633075	0	0.413194920065092	0
13	0	7621487114	1	0.246185196984175	0
13	0	2800022765	2	0.26547129473788	0
13	0	8266340301	3	0.354010478552562	0
13	0	243218074	4	0.481924514259834	0
13	0	9327125986	5	0.28824493903953	0
13	0	6754851079	6	0.536509912695112	0
13	0	1763673039	7	0.629685566572496	0
13	0	84458500	8	0.521185561320393	0
13	0	11400976535	9	0.199503258551498	0
13	0	5910102005	10	0.216273772090063	0
13	0	3486788246	11	0.284526124021311	0
13	0	4678405185	12	0.200755297671918	0
13	0	11401200993	13	0.214829924261667	0
13	0	4815387988	14	0.361337389026768	0
13	0	3485941445	15	0.290659004802718	0
13	0	5910640882	16	0.245232370189811	0
13	0	3677644214	17	0.188417683833369	0
13	0	421994323	18	0.203449449390449	0
13	0	9545558487	19	0.533676421662751	0
13	0	1764492226	20	0.469785764587318	0
13	0	296736016	21	0.260975619573453	0
13	0	84532558	22	0.194390389245252	0
13	0	3676845881	23	0.2379647901924	0
13	0	4678891154	24	0.278181338754239	0
13	0	4814750197	25	0.264146195821801	0
13	0	299118588	26	0.187006753050975	0
13	0	421994357	27	0.29439925130423	0
13	0	382180874	28	0.467881649881676	0
13	0	296740225	29	0.114824863824423	0
13	0	3676723431	30	0.139697627695148	0
13	0	9548317540	31	0.480572456638556	0
13	0	5737752190	32	0.294433992504121	0
13	0	5737199547	33	0.285683131560893	0
13	0	4824801346	34	0.295271160845525	0
13	0	9548119788	35	0.342787370643074	0
13	0	4675290746	36	0.284770348102929	0
13	0	5734659764	37	0.28131032317064	0
13	0	421994384	38	0.135211622159786	0
13	0	5734111885	39	0.265226972981255	0
13	0	417793033	40	0.335067452980956	0
13	0	9545326009	41	0.25988873193901	0
13	0	421994350	42	0.153211548372061	0
13	0	242641135	43	0.254466353481299	0
13	0	9545641061	44	0.315626743029981	0
13	0	267986381	45	0.146084623457443	0
13	0	9548413276	46	0.36483031102302	0
13	0	6754863197	47	0.198691633415397	0
13	0	84441153	48	0.109954622178946	0
13	0	421994402	49	0.253924807391591	0
14	0	4870860687	0	0.324779149225526	0
14	0	2972708359	1	0.807163075039701	0
14	0	5951679048	2	0.26738866837013	0
14	0	3434861765	3	0.329249046660009	0
14	0	6975223343	4	0.289413611238504	0
14	0	7294703912	5	0.0769175514319553	0
14	0	11941303485	6	0.260065048409928	0
14	0	8482129940	7	0.300903063458329	0
14	0	59041174	8	0.285050896461979	0
14	0	5061791373	9	0.252279518652304	0
14	0	9690524424	10	0.330826585905325	0
14	0	5062938405	11	0.334805618871449	0
14	0	6829110588	12	0.380604250846917	0
14	0	5637182266	13	0.568764895546915	0
14	0	2277359774	14	0.219615362610129	0
14	0	4574103872	15	0.198436470604538	0
14	0	7783922020	16	0.376720221776579	0
14	0	8383348833	17	0.124785285278445	0
14	0	3862885865	18	0.14235389169681	0
14	0	8384432220	19	0.0685584842354015	0
14	0	2559567578	20	0.221077645871048	0
14	0	5636685913	21	0.553207651552979	0
14	0	7091156673	22	0.216357194969482	0
14	0	3863669406	23	0.129244064332447	0
14	0	4573468987	24	0.151477389603466	0
14	0	8481036527	25	0.29316627302723	0
14	0	2276565433	26	0.213242018283103	0
14	0	5058427508	27	0.396409042338761	0
14	0	59041104	28	0.28886646858475	0
14	0	3862857911	29	0.057613516909367	0
14	0	9694026479	30	0.268693082256272	0
14	0	5063542374	31	0.251521507103895	0
14	0	9687293017	32	0.261571377425166	0
14	0	7076937419	33	0.247380359238455	0
14	0	8483647830	34	0.286909630102664	0
14	0	12181478664	35	0.0879299153188244	0
14	0	5073935679	36	0.225441800069616	0
14	0	5063550460	37	0.257500840419766	0
14	0	7093077551	38	0.249018603524528	0
14	0	8384431086	39	0.0281619463559441	0
14	0	11848435566	40	0.0829956094095215	0
14	0	7294698590	41	0.0272555691828028	0
14	0	2277345318	42	0.202010608935139	0
14	0	5020368815	43	0.280863289337436	0
14	0	4573469955	44	0.100196831236903	0
14	0	7294742792	45	0.0226681956509043	0
14	0	5632512890	46	0.511566931809117	0
14	0	4573468447	47	0.113728381435801	0
14	0	4573468857	48	0.0804320161862715	0
14	0	9687286391	49	0.246510771176922	0
15	0	7754474506	0	0.288693643329799	0
15	0	2682981755	1	0.114197079759647	0
15	0	3207142033	2	0.185141296301601	0
15	0	2298245122	3	0.244039530222988	0
15	0	3307390686	4	0.140130911723754	0
15	0	135045267	5	0.127707115582971	0
15	0	2892449849	6	0.221451922036973	0
15	0	10195907123	7	0.0851334411691784	0
15	0	135403458	8	0.531736774088886	0
15	0	3193688729	9	0.334757247494991	0
15	0	476522037	10	0.180065128160685	0
15	0	447191477	11	0.363176633558451	0
15	0	2337424251	12	0.203667746424554	0
15	0	4288647764	13	0.108100833289535	0
15	0	3198048964	14	0.193436032005804	0
15	0	7996662856	15	0.119147620428166	0
15	0	7032421503	16	0.124025579882707	0
15	0	4287906447	17	0.109897154854738	0
15	0	2338258706	18	0.186627549497932	0
15	0	4424707439	19	0.291964655544921	0
15	0	3194517830	20	0.322770640654087	0
15	0	10195735684	21	0.0859486153037239	0
15	0	7948991128	22	0.177456760450412	0
15	0	5301005480	23	0.150113980199765	0
15	0	6886324094	24	0.0944913002852081	0
15	0	1491109264	25	0.282420081772877	0
15	0	446147662	26	0.377425731494404	0
15	0	1490265543	27	0.148386104651723	0
15	0	2891518357	28	0.301371525095251	0
15	0	135044805	29	0.0926135768198723	0
15	0	7949109780	30	0.150133821600818	0
15	0	7996688696	31	0.087934866880065	0
15	0	5300406547	32	0.102536426822315	0
15	0	447248234	33	0.331843767697992	0
15	0	8974608162	34	0.0401950446670124	0
15	0	476877830	35	0.135810771330028	0
15	0	134073694	36	0.12198570036296	0
15	0	4409398014	37	0.25965869360371	0
15	0	7996643779	38	0.0965990484974575	0
15	0	6886314022	39	0.0730109265568104	0
15	0	7948888948	40	0.118187493875609	0
15	0	7948900922	41	0.147219413191338	0
15	0	4382420643	42	0.274286221130655	0
15	0	7996702146	43	0.116685622677203	0
15	0	7948795526	44	0.134984946511372	0
15	0	134079894	45	0.00343488993169569	0
15	0	1442822407	46	0.061661123792499	0
15	0	476521675	47	0.0572932487258005	0
15	0	3658453284	48	0.0232080571570212	0
15	0	476521787	49	0.0590121498339795	0
16	0	5109583657	0	0.432966244350351	0
16	0	9162227202	1	0.380008635110656	0
16	0	9792784116	2	0.732385816010085	0
16	0	8372935057	3	0.405630312187821	0
16	0	7982316941	4	0.385355103729867	0
16	0	1428622784	5	0.386940960629344	0
16	0	9290473707	6	0.464786692616265	0
16	0	8207584161	7	0.416432871427707	0
16	0	487637593	8	0.830171931262355	0
16	0	3127265065	9	0.570653210950145	0
16	0	4636373298	10	0.52177347726228	0
16	0	4760826641	11	0.266775561212996	0
16	0	2982903253	12	0.559007757586416	0
16	0	2177843201	13	0.445115426113893	0
16	0	4500883066	14	0.566232557001013	0
16	0	2548817981	15	0.531398316258305	0
16	0	4500284439	16	0.552683518718177	0
16	0	945313861	17	0.323816600181719	0
16	0	3600715214	18	0.32016943118256	0
16	0	2178789974	19	0.263574645895529	0
16	0	4650903186	20	0.225506476824105	0
16	0	6955807024	21	0.328679052531338	0
16	0	4650294043	22	0.353070696374496	0
16	0	4702122807	23	0.169347407305892	0
16	0	4635292975	24	0.211829841711196	0
16	0	12282925203	25	0.112723171760259	0
16	0	487241138	26	0.398097396156343	0
16	0	1861196106	27	0.354412885679246	0
16	0	10531062644	28	0.154417697889477	0
16	0	534510578	29	0.090158640509634	0
16	0	2372116625	30	0.0479113275169392	0
16	0	10920918066	31	0.0853976692705604	0
16	0	2078747989	32	0.346111538019923	0
16	0	8314752968	33	0.186970753462773	0
16	0	4514773719	34	0.150841109798486	0
16	0	4650156771	35	0.23746141872391	0
16	0	11217146714	36	0.129635849778679	0
16	0	4738035332	37	0.383109292790435	0
16	0	11217243163	38	0.078757560530534	0
16	0	4650844346	39	0.0469006037457915	0
16	0	4635289199	40	0.0686537155951067	0
16	0	487509630	41	0.326085879081646	0
16	0	11446206564	42	0.118553628014382	0
16	0	4769080240	43	0.334592431321387	0
16	0	10957217386	44	0.136049546518986	0
16	0	4761460388	45	0.0894532532858453	0
16	0	2129443949	46	0.237569116260707	0
16	0	8314754994	47	0.0830078760625519	0
16	0	11446356953	48	0.103926166129944	0
16	0	3579356292	49	0.400932496862935	0
17	0	2198535282	0	0.567431052617047	0
17	0	5394651400	1	0.278130401858599	0
17	0	12281698394	2	0.419503766348	0
17	0	176086987	3	0.248851038141741	0
17	0	4684103230	4	0.502760470677448	0
17	0	2366421011	5	0.45429719958816	0
17	0	5866529014	6	0.451155211178515	0
17	0	4707151559	7	0.255906133318764	0
17	0	4062572949	8	0.348358645383046	0
17	0	3178664767	9	0.345081073184953	0
17	0	8688489893	10	0.245275122498128	0
17	0	2349263684	11	0.535651647892461	0
17	0	2166538070	12	0.202357557790643	0
17	0	4823142584	13	0.647715199195776	0
17	0	9029637884	14	0.244263613658465	0
17	0	9027397731	15	0.241845301371498	0
17	0	3239776630	16	0.156878439887768	0
17	0	169893971	17	0.33502248210968	0
17	0	8684212773	18	0.162196930078858	0
17	0	4854719689	19	0.542361675132295	0
17	0	3939810977	20	0.137430319744812	0
17	0	4855337804	21	0.383115976075443	0
17	0	4296697498	22	0.16671678286364	0
17	0	3170777731	23	0.225310468085622	0
17	0	3255625935	24	0.420999996914004	0
17	0	2165879901	25	0.339145858848361	0
17	0	3410872336	26	0.091972276145635	0
17	0	4640150206	27	0.0961884305524607	0
17	0	4707775920	28	0.132233905493718	0
17	0	3410022211	29	0.17535629306762	0
17	0	4854720307	30	0.398680308162503	0
17	0	5865973377	31	0.226066980886284	0
17	0	169893105	32	0.303984072508114	0
17	0	2367293672	33	0.306887370019108	0
17	0	4822517891	34	0.304633988956158	0
17	0	169893197	35	0.629327428093611	0
17	0	4063319588	36	0.358231255894624	0
17	0	4822523027	37	0.310372035207994	0
17	0	3353112066	38	0.139930858775825	0
17	0	3238944669	39	0.142716842420098	0
17	0	3352292923	40	0.122782385297203	0
17	0	9029666834	41	0.0459671551373419	0
17	0	3239783180	42	0.0984048315924677	0
17	0	4063318122	43	0.113540795006481	0
17	0	4707775922	44	0.104411690584123	0
17	0	4288613239	45	0.289227321455929	0
17	0	3352295829	46	0.213358210806241	0
17	0	3410058939	47	0.0773630592499075	0
17	0	169892499	48	0.336366779601573	0
17	0	4062569249	49	0.0314539512945409	0
18	0	2492169221	0	0.448505028402348	0
18	0	5992431508	1	0.164902338399073	0
18	0	2921958007	2	0.460953739947705	0
18	0	4277652254	3	0.582841435960683	0
18	0	5312004291	4	0.393753452546516	0
18	0	4016940987	5	0.629771220721965	0
18	0	8326527544	6	0.539778882949763	0
18	0	3161267785	7	0.368343800586155	0
18	0	9538774254	8	0.144677527564886	0
18	0	8933608989	9	0.283736646331864	0
18	0	3760515910	10	0.235472824614851	0
18	0	7191423430	11	0.353383213959819	0
18	0	4760086821	12	0.550688556695261	0
18	0	9524730919	13	0.24201720663173	0
18	0	3885721603	14	0.175357485128946	0
18	0	4882031876	15	0.158060651211926	0
18	0	4881426131	16	0.364454032869717	0
18	0	2967980386	17	0.54442556124667	0
18	0	202685456	18	0.485067018711722	0
18	0	4760680542	19	0.513187706306274	0
18	0	4472532454	20	0.500232196225762	0
18	0	4824903132	21	0.279093589836148	0
18	0	4982534889	22	0.439040646445099	0
18	0	2738576267	23	0.342456041921351	0
18	0	5715363318	24	0.144598936774046	0
18	0	3162100804	25	0.380721828634988	0
18	0	3759257079	26	0.178836179401373	0
18	0	3886526290	27	0.199914932414732	0
18	0	5199668591	28	0.371304589625532	0
18	0	4472153392	29	0.496379152279618	0
18	0	275686095	30	0.388744520919934	0
18	0	4012521236	31	0.503146776240176	0
18	0	4471379667	32	0.461694839161777	0
18	0	1618211638	33	0.293054344622878	0
18	0	3886456298	34	0.114803578730827	0
18	0	5450278548	35	0.191916841798319	0
18	0	8934222522	36	0.106039492132372	0
18	0	8933608283	37	0.0894862009703386	0
18	0	5200254472	38	0.257266339073926	0
18	0	8325469161	39	0.470831686005135	0
18	0	7195561558	40	0.365130102929246	0
18	0	7195587892	41	0.15509605411438	0
18	0	4477035103	42	0.082793992661332	0
18	0	5214455310	43	0.328072873907185	0
18	0	3877349119	44	0.323771067700777	0
18	0	4471758695	45	0.44092386899562	0
18	0	7195577516	46	0.382150823590385	0
18	0	4882035660	47	0.105356920864702	0
18	0	3886523042	48	0.145335611924654	0
18	0	7195597596	49	0.161935963731838	0
19	0	822304520	0	0.280288382383325	0
19	0	5327199565	1	0.486619128939468	0
19	0	10659941403	2	0.296550890335607	0
19	0	289503624	3	0.650848754773642	0
19	0	8051598518	4	0.235530189810344	0
19	0	9254692473	5	0.510396126584698	0
19	0	5636720927	6	0.378410413724271	0
19	0	8363954689	7	0.492348877214057	0
19	0	3834640843	8	0.282789988464038	0
19	0	5527847393	9	0.528320888813472	0
19	0	8190317898	10	0.337430351839858	0
19	0	3691795385	11	0.440651380520109	0
19	0	5229799922	12	0.248788455880232	0
19	0	7259497062	13	0.333768871956711	0
19	0	2634254018	14	0.132311583931172	0
19	0	5625771160	15	0.138544054085647	0
19	0	4633186615	16	0.544090671834524	0
19	0	5229235771	17	0.447527135667415	0
19	0	3200054599	18	0.303470805451439	0
19	0	5528465620	19	0.569962355917633	0
19	0	2633493377	20	0.142585314758598	0
19	0	8365014268	21	0.371217923817548	0
19	0	3230913292	22	0.336455097753995	0
19	0	7193009490	23	0.342716198835359	0
19	0	3230062835	24	0.308315124428194	0
19	0	9257474102	25	0.356674420850306	0
19	0	5625187055	26	0.144905222129817	0
19	0	3098875501	27	0.436660452973145	0
19	0	7259466352	28	0.400969737529282	0
19	0	5633814709	29	0.319996425312708	0
19	0	7193398586	30	0.726652503256093	0
19	0	8265465341	31	0.319484572255078	0
19	0	7193223824	32	0.447052659015784	0
19	0	3240111380	33	0.296077099860681	0
19	0	3099698932	34	0.29709452607394	0
19	0	7259485734	35	0.680905872107847	0
19	0	3835427898	36	0.361192957608792	0
19	0	4637020867	37	0.455715353412534	0
19	0	4644683392	38	0.399264420265758	0
19	0	5625149301	39	0.225959236580831	0
19	0	3692592608	40	0.428474368232621	0
19	0	2634315496	41	0.118539433070143	0
19	0	8051589827	42	0.18400742769306	0
19	0	8051599470	43	0.251348992818314	0
19	0	5634382418	44	0.220541755710711	0
19	0	7154217817	45	0.537100594571059	0
19	0	3230062853	46	0.289403888725629	0
19	0	3692619372	47	0.106274155493431	0
19	0	3834639707	48	0.206528141834559	0
19	0	3200932110	49	0.274689414852503	0
20	0	6880116585	0	0.34668780442827	0
20	0	5551059284	1	0.217354697374694	0
20	0	5828791811	2	0.0454707997348408	0
20	0	4076509600	3	0.302564673538014	0
20	0	8338123973	4	0.346426851595995	0
20	0	88494956	5	0.167338854689095	0
20	0	288817420	6	0.334816751584422	0
20	0	2703105035	7	0.351653328141931	0
20	0	5009408424	8	0.502397039531143	0
20	0	5398432423	9	0.246034725185114	0
20	0	5082888891	10	0.417114815556011	0
20	0	564157851	11	0.26786464897146	0
20	0	3711183180	12	0.290871453048353	0
20	0	158850431	13	0.366309107558861	0
20	0	1251192664	14	0.207807533897777	0
20	0	5454773902	15	0.11517393026384	0
20	0	5083485500	16	0.388471804256551	0
20	0	5615968016	17	0.351806021085783	0
20	0	7333982582	18	0.388759957736804	0
20	0	2961653657	19	0.29864035992878	0
20	0	3676857188	20	0.395046662071812	0
20	0	6223862541	21	0.467151319117539	0
20	0	2962509486	22	0.289228841554882	0
20	0	2199742801	23	0.466630606521345	0
20	0	7352696164	24	0.598843369544631	0
20	0	4079189370	25	0.205357242105337	0
20	0	2784052177	26	0.206327554049082	0
20	0	2615740385	27	0.37014230318022	0
20	0	2744426511	28	0.206744226722077	0
20	0	3638276555	29	0.221352336144164	0
20	0	3569202366	30	0.386041155959307	0
20	0	3568400411	31	0.422729577777608	0
20	0	7167485351	32	0.799358071489231	0
20	0	3568140825	33	0.387926883555798	0
20	0	3754586709	34	0.519484962641339	0
20	0	2806871738	35	0.178379767207289	0
20	0	3570535404	36	0.426109839579864	0
20	0	3568155965	37	0.352340092359757	0
20	0	88494711	38	0.0898126404020731	0
20	0	39767184	39	0.356410479030368	0
20	0	2476294126	40	0.207938880155621	0
20	0	3247826633	41	0.117772552858713	0
20	0	88494678	42	0.0571314327759619	0
20	0	3560383506	43	0.119937201102916	0
20	0	88494449	44	0.0235737050576041	0
20	0	1345399308	45	0.173303236768933	0
20	0	7333978098	46	0.307845137212788	0
20	0	4495148807	47	0.429582282433062	0
20	0	88494643	48	0.0582036040524256	0
20	0	4092170995	49	0.141015360989963	0
21	0	3456993895	0	0.429361156239047	0
21	0	348579551	1	0.510865599360716	0
21	0	8027042270	2	0.601458977387673	0
21	0	8581050913	3	0.36226320913787	0
21	0	4711348349	4	0.245173429972373	0
21	0	3493362646	5	0.359558313435421	0
21	0	185128007	6	0.251547379205934	0
21	0	8104350153	7	0.307886628993306	0
21	0	4960115751	8	0.244844257548736	0
21	0	453106913	9	0.265949696004191	0
21	0	3780148818	10	0.461242585553904	0
21	0	5143875473	11	0.594196846305621	0
21	0	3294097959	12	0.409607496495037	0
21	0	2115453076	13	0.177090907290767	0
21	0	4104104324	14	0.223911261979409	0
21	0	7116897741	15	0.530152275554082	0
21	0	5569340632	16	0.256236684374057	0
21	0	5568753869	17	0.45569774988727	0
21	0	2114679055	18	0.426079236124815	0
21	0	6970820504	19	0.539722937483384	0
21	0	3415768375	20	0.164404456723048	0
21	0	872138825	21	0.38191278914028	0
21	0	5144480530	22	0.56038068045587	0
21	0	3416544132	23	0.138155558075934	0
21	0	4450560163	24	0.204771125772255	0
21	0	4700846120	25	0.287414013382379	0
21	0	2775772349	26	0.365044687667225	0
21	0	2365850314	27	0.418375781451157	0
21	0	3118586039	28	0.271855603167688	0
21	0	4769599645	29	0.61993863220547	0
21	0	3294950812	30	0.180082821336563	0
21	0	6348991474	31	0.215513893455051	0
21	0	8104365500	32	0.10400885552121	0
21	0	3416494592	33	0.204433757302601	0
21	0	2305645837	34	0.167163346393726	0
21	0	8104370576	35	0.18557295402012	0
21	0	3294079777	36	0.0931150246657947	0
21	0	2536030014	37	0.138204341203642	0
21	0	8582151670	38	0.0880673456500571	0
21	0	5417372727	39	0.234040442767266	0
21	0	3294903108	40	0.502624236501736	0
21	0	3259411532	41	0.246110874729083	0
21	0	2798598488	42	0.185495514479999	0
21	0	3295824960	43	0.234655396596944	0
21	0	562314127	44	0.522134033712323	0
21	0	5144463646	45	0.34196063755698	0
21	0	4960727764	46	0.098086707241931	0
21	0	3259427928	47	0.202478324848379	0
21	0	2409099486	48	0.303566301833376	0
21	0	2205033827	49	0.394923738047029	0
22	0	3413998658	0	0.469012096845456	0
22	0	222190662	1	0.769860143784926	0
22	0	6492330635	2	0.354086082837154	0
22	0	7284029260	3	0.461650586513978	0
22	0	5229639229	4	0.530801397563015	0
22	0	3030190682	5	0.585699622311929	0
22	0	4262615328	6	0.757506177975167	0
22	0	2357618602	7	0.343018925093536	0
22	0	5170044446	8	0.271362235762799	0
22	0	2696165073	9	0.498080552696383	0
22	0	1673365514	10	0.36945953930403	0
22	0	4349122720	11	0.45206172639974	0
22	0	5834654687	12	0.518767243127577	0
22	0	6279981036	13	0.592853067933169	0
22	0	4220627956	14	0.593242061583352	0
22	0	5758921508	15	0.49194821966051	0
22	0	608559516	16	0.491014600892817	0
22	0	5631278977	17	0.524656192064287	0
22	0	538263063	18	0.350623677235275	0
22	0	719874647	19	0.295979133509888	0
22	0	480431997	20	0.470880581743255	0
22	0	5169442859	21	0.30383806156483	0
22	0	2697000780	22	0.281471588339348	0
22	0	5635243374	23	0.482721779180213	0
22	0	608304277	24	0.557303664369484	0
22	0	4264051686	25	0.570359494633425	0
22	0	1713912928	26	0.327064732195541	0
22	0	4216526269	27	0.495731240574836	0
22	0	5835305952	28	0.536153833358647	0
22	0	6279453305	29	0.366182114966538	0
22	0	480432781	30	0.394844327949472	0
22	0	480418206	31	0.651367754021456	0
22	0	3029355971	32	0.454253237053612	0
22	0	5758375405	33	0.467352302423263	0
22	0	4217337792	34	0.51318741772056	0
22	0	2351838951	35	0.173017991927958	0
22	0	4386201980	36	0.680291237806035	0
22	0	5631863348	37	0.366547426617135	0
22	0	6279465865	38	0.319614967964622	0
22	0	5758306215	39	0.538164882200271	0
22	0	148880501	40	0.405669693158408	0
22	0	5758168889	41	0.361932312313399	0
22	0	5634045433	42	0.479681775010139	0
22	0	5834620059	43	0.282444998009025	0
22	0	6279460063	44	0.229353427615537	0
22	0	2350206473	45	0.479831580300087	0
22	0	480420136	46	0.417440564968005	0
22	0	3142947244	47	0.120926016397126	0
22	0	5834682115	48	0.227918952511538	0
22	0	5835284644	49	0.281604095446107	0
23	0	7201347740	0	0.521768208773992	0
23	0	6246446035	1	0.458695679685335	0
23	0	539957148	2	0.431241275064522	0
23	0	2181224473	3	0.589325691608661	0
23	0	6159297676	4	0.419258853355355	0
23	0	3809245299	5	0.465400199754498	0
23	0	4988734979	6	0.387507536140226	0
23	0	12394929383	7	0.500714961122311	0
23	0	5498278912	8	0.409371561911161	0
23	0	4721555530	9	0.569991978654944	0
23	0	11733493356	10	0.4264195629155	0
23	0	10497718194	11	0.673904639569968	0
23	0	8047221324	12	0.321640162744554	0
23	0	5670274044	13	0.256386200005431	0
23	0	3899277945	14	0.322909640477859	0
23	0	5096314743	15	0.311805913534024	0
23	0	8821026606	16	0.472321129113702	0
23	0	7756471602	17	0.387838177248782	0
23	0	10498197763	18	0.375902391074472	0
23	0	11820122953	19	0.404824496857919	0
23	0	5096913262	20	0.232566899820141	0
23	0	11732272425	21	0.460251471433286	0
23	0	3900059626	22	0.207433627413924	0
23	0	2747941419	23	0.312746135712364	0
23	0	5440912328	24	0.296404513390774	0
23	0	8810436449	25	0.468637142611386	0
23	0	8004818924	26	0.416950609407791	0
23	0	5214588478	27	0.327782895628815	0
23	0	5669726671	28	0.379334522189243	0
23	0	8222473671	29	0.352180317703617	0
23	0	5593399034	30	0.288494437425746	0
23	0	8047226158	31	0.128724475571335	0
23	0	8810438217	32	0.445558523250295	0
23	0	8016526044	33	0.524319984886752	0
23	0	5096313455	34	0.243998799636688	0
23	0	8002084261	35	0.339649183078291	0
23	0	7721575202	36	0.126802466440717	0
23	0	6602678237	37	0.430654343971872	0
23	0	11733591956	38	0.252250298469562	0
23	0	6263799451	39	0.244448130661385	0
23	0	5511266188	40	0.228749353761335	0
23	0	5670291784	41	0.0468683927851448	0
23	0	5592805263	42	0.295738825224987	0
23	0	8639532518	43	0.301236409344108	0
23	0	3900059744	44	0.138686276840143	0
23	0	8047217741	45	0.153387855259391	0
23	0	5096961666	46	0.071678644132348	0
23	0	8047222928	47	0.20539984625959	0
23	0	3516859062	48	0.342055349197388	0
23	0	3900060924	49	0.116980454820336	0
24	0	8558970800	0	0.746413389774941	0
24	0	2258160457	1	0.664402622063174	0
24	0	8155179911	2	0.569258907780823	0
24	0	6739494919	3	0.525768854171268	0
24	0	8653279555	4	0.511383028789594	0
24	0	2599517698	5	0.431192763272509	0
24	0	5099658661	6	0.535255246034537	0
24	0	7708306446	7	0.328802327352065	0
24	0	9838891576	8	0.342510600487845	0
24	0	9282545690	9	0.464932770174858	0
24	0	2849498613	10	0.50906443909682	0
24	0	626429569	11	0.425884862220232	0
24	0	7189761950	12	0.489272973655905	0
24	0	8773346090	13	0.246012435421269	0
24	0	4258414762	14	0.557133016335852	0
24	0	4257657019	15	0.533011117016576	0
24	0	2441448480	16	0.44494614878832	0
24	0	4501768222	17	0.312621281483605	0
24	0	4501149417	18	0.284185820909979	0
24	0	627289094	19	0.185884725280929	0
24	0	2479738524	20	0.315705871579101	0
24	0	2902591727	21	0.471499138436936	0
24	0	7708308322	22	0.189507282612357	0
24	0	8768527097	23	0.264319647499674	0
24	0	7191769184	24	0.514616385462608	0
24	0	2850330452	25	0.285884942826884	0
24	0	2456918469	26	0.28515998383111	0
24	0	2903532388	27	0.288574412445438	0
24	0	9279760637	28	0.480962657129617	0
24	0	3118870690	29	0.289499121224241	0
24	0	2903479300	30	0.511705495503073	0
24	0	2477058053	31	0.273897266229712	0
24	0	369448727	32	0.340928008702334	0
24	0	2478874181	33	0.201240167654274	0
24	0	9838965013	34	0.274846108951571	0
24	0	2450162628	35	0.295486685017691	0
24	0	3118039171	36	0.358468920651097	0
24	0	6739501411	37	0.37078927680031	0
24	0	2598705467	38	0.256071196849313	0
24	0	4501150865	39	0.0672534722048709	0
24	0	9099219295	40	0.270386387444789	0
24	0	5160401002	41	0.394663931033924	0
24	0	8768516369	42	0.209628713972156	0
24	0	8671077420	43	0.448162086181005	0
24	0	8155210366	44	0.410832902922747	0
24	0	7692504868	45	0.614094370034178	0
24	0	369446541	46	0.213813002084636	0
24	0	8768460867	47	0.0947373288625373	0
24	0	7179795872	48	0.425248549928894	0
24	0	4498877138	49	0.357433357130933	0
25	0	7545563574	0	0.343138865611143	0
25	0	4013616626	1	0.52106350846906	0
25	0	3944409745	2	0.514767312852097	0
25	0	5820004252	3	0.385166529106579	0
25	0	3687292619	4	0.577422981756478	0
25	0	2780638617	5	0.389223894067843	0
25	0	3779304642	6	0.693272195211313	0
25	0	70503633	7	0.235753428474147	0
25	0	7748960548	8	0.157009134503675	0
25	0	11865430733	9	0.204723418461877	0
25	0	4439033482	10	0.593710899610497	0
25	0	9364823227	11	0.21267105213776	0
25	0	3629359103	12	0.605195042174723	0
25	0	2730473700	13	0.359421320496967	0
25	0	3775516933	14	0.652445774515035	0
25	0	2729663827	15	0.340680776692486	0
25	0	3630226176	16	0.637343526875156	0
25	0	3778500481	17	0.46934188853344	0
25	0	3297701675	18	0.552999652537915	0
25	0	3298533854	19	0.424264385025367	0
25	0	5134039337	20	0.662343145206317	0
25	0	1428412035	21	0.621077286127812	0
25	0	1429280642	22	0.590230679124979	0
25	0	2419794	23	0.162012373172542	0
25	0	3732072735	24	0.597800763613205	0
25	0	11285515	25	0.176176351583239	0
25	0	3732909164	26	0.612773253564642	0
25	0	9367591428	27	0.239487549693692	0
25	0	5134695840	28	0.386519362629367	0
25	0	4438250977	29	0.371007297351652	0
25	0	3732923754	30	0.54333997108837	0
25	0	5134662696	31	0.366208031467347	0
25	0	11865972836	32	0.0825751336833917	0
25	0	3019555725	33	0.316863464201594	0
25	0	11285923	34	0.338001837680818	0
25	0	3827225565	35	0.537109782024083	0
25	0	4438256039	36	0.564522336874477	0
25	0	70503247	37	0.167457628788126	0
25	0	3779858283	38	0.633797090269844	0
25	0	70503722	39	0.188512341992286	0
25	0	3732875654	40	0.676042082643324	0
25	0	9364897817	41	0.116872684797127	0
25	0	1428401613	42	0.241489498939523	0
25	0	3317345326	43	0.160228790268919	0
25	0	5582121742	44	0.377932180308961	0
25	0	1429277500	45	0.436924103463435	0
25	0	1428409401	46	0.695774763372611	0
25	0	9364829033	47	0.0106844602593264	0
25	0	3788328460	48	0.374932875763378	0
25	0	11285208	49	0.18006719030538	0
26	0	3345798108	0	0.315952615939244	0
26	0	8265049954	1	0.503492820020238	0
26	0	6891541374	2	0.512653436786189	0
26	0	5617739573	3	0.421998078732301	0
26	0	112244853	4	0.623714736291546	0
26	0	680827502	5	0.502163504632134	0
26	0	193791308	6	0.447697424747395	0
26	0	1812348642	7	0.677903868216124	0
26	0	3434358453	8	0.451135376732524	0
26	0	5554065599	9	0.338527838534179	0
26	0	4598224965	10	0.348729663036739	0
26	0	9617664129	11	0.596476007731102	0
26	0	6274407641	12	0.514191994241729	0
26	0	1955158259	13	0.207628957325159	0
26	0	5096294117	14	0.217745295424971	0
26	0	2778840281	15	0.21296787532618	0
26	0	4745842759	16	0.55364168711462	0
26	0	5096879628	17	0.224446317006615	0
26	0	4746470290	18	0.444470859743011	0
26	0	6280493848	19	0.433759141885367	0
26	0	2779740694	20	0.199384055608304	0
26	0	2392001617	21	0.503106409181297	0
26	0	5554650108	22	0.262565476927681	0
26	0	6279892153	23	0.399427706050361	0
26	0	3400939280	24	0.177509543996344	0
26	0	1955829430	25	0.205600586248693	0
26	0	4598842622	26	0.214658521357633	0
26	0	6262100823	27	0.351791526985924	0
26	0	3393038960	28	0.217149617350099	0
26	0	2392827886	29	0.314878453480046	0
26	0	9620896664	30	0.672605736136699	0
26	0	2392835410	31	0.718925254197455	0
26	0	2293092517	32	0.300230621182643	0
26	0	3397107719	33	0.304435711741438	0
26	0	1944634590	34	0.122793204111007	0
26	0	5801467771	35	0.333409900049935	0
26	0	1799241762	36	0.404825188985176	0
26	0	6280420766	37	0.319139507459864	0
26	0	3392225125	38	0.242268178503907	0
26	0	195133578	39	0.398646518420047	0
26	0	9620898086	40	0.245211292578088	0
26	0	2391991895	41	0.38576901600778	0
26	0	2779695912	42	0.112754549020277	0
26	0	3400132921	43	0.18850403682995	0
26	0	193802181	44	0.298603664463398	0
26	0	6274415699	45	0.226275924169499	0
26	0	4746343456	46	0.252916952534457	0
26	0	6274935598	47	0.415206959724517	0
26	0	9620897724	48	0.470679550609268	0
26	0	2399262243	49	0.447938158799893	0
27	0	5269512796	0	0.457764855283939	0
27	0	7473839724	1	0.442961477607562	0
27	0	11751044075	2	0.264935271139084	0
27	0	2614110022	3	0.542871511299681	0
27	0	2313910111	4	0.211585956631545	0
27	0	5059954072	5	0.480802853283886	0
27	0	4106629618	6	0.511555889236243	0
27	0	5497383891	7	0.354038782493428	0
27	0	6868578544	8	0.386597655172113	0
27	0	8220432002	9	0.325693565230077	0
27	0	6910923603	10	0.642784083989369	0
27	0	3185714822	11	0.384726724461208	0
27	0	2523932903	12	0.216845439553076	0
27	0	3313272320	13	0.332211725050797	0
27	0	9857652416	14	0.200005285088597	0
27	0	2772040972	15	0.309229894803187	0
27	0	7014634471	16	0.23028269265425	0
27	0	5497986160	17	0.349553220162073	0
27	0	3184881083	18	0.337691149497627	0
27	0	6078127064	19	0.35926466844586	0
27	0	6911130395	20	0.686156049496599	0
27	0	6077486331	21	0.396188731185935	0
27	0	3312428867	22	0.334955215440596	0
27	0	2771195589	23	0.357094431213087	0
27	0	9337139389	24	0.503765467402021	0
27	0	2524765658	25	0.250835541636052	0
27	0	3171484234	26	0.262814938077549	0
27	0	8219347763	27	0.184974245369692	0
27	0	4105862127	28	0.235893253660037	0
27	0	6916944785	29	0.433642318352882	0
27	0	9857780413	30	0.202715209259424	0
27	0	3170652501	31	0.168950297933383	0
27	0	3170655067	32	0.296578413733537	0
27	0	9857547165	33	0.348477667954764	0
27	0	2314715700	34	0.202764677266548	0
27	0	7255517110	35	0.246990766230013	0
27	0	3917725408	36	0.28815244602358	0
27	0	2524738124	37	0.353955353203039	0
27	0	3170658109	38	0.269456816081384	0
27	0	9857700925	39	0.157642391254071	0
27	0	2920018703	40	0.0675118457869568	0
27	0	4106629912	41	0.196898768692573	0
27	0	2814999674	42	0.138280378837961	0
27	0	3171487000	43	0.149480079038688	0
27	0	1193619034	44	0.286929318594611	0
27	0	3213336488	45	0.47909043785117	0
27	0	6318555208	46	0.279760202906891	0
27	0	3171489052	47	0.133549593363016	0
27	0	2313912667	48	0.066053566212835	0
27	0	3755043132	49	0.603918475478764	0
28	0	10753880654	0	0.353086512997037	0
28	0	4847507978	1	0.28885684540384	0
28	0	481414417	2	0.342333299425447	0
28	0	9205893280	3	0.391061712988698	0
28	0	5138871416	4	0.500563825102008	0
28	0	7669731928	5	0.406610284452064	0
28	0	6479933111	6	0.230376551233351	0
28	0	2482772123	7	0.37977986437249	0
28	0	8991972315	8	0.414377911023563	0
28	0	6700332883	9	0.245852071746572	0
28	0	3985098227	10	0.566383602968055	0
28	0	3397551299	11	0.589037528376014	0
28	0	8755383884	12	0.467127062573112	0
28	0	8993152272	13	0.44103431464631	0
28	0	2976178615	14	0.35565996156146	0
28	0	3985761536	15	0.653545354394192	0
28	0	7423550510	16	0.220569479358544	0
28	0	2998910157	17	0.378124881586255	0
28	0	6947680687	18	0.549577357272686	0
28	0	6705245497	19	0.186622446080283	0
28	0	2999751672	20	0.389050679385676	0
28	0	10405932235	21	0.198217434958322	0
28	0	4791684371	22	0.449638304657508	0
28	0	4216955108	23	0.427678910372464	0
28	0	6491468795	24	0.511709891690381	0
28	0	2483590658	25	0.438037931937821	0
28	0	3398303642	26	0.499092855466485	0
28	0	7774626850	27	0.309661619513573	0
28	0	2914167342	28	0.423814391045705	0
28	0	3019561247	29	0.42530670916871	0
28	0	3259219916	30	0.417393094497529	0
28	0	3677692912	31	0.154627851325162	0
28	0	3952254100	32	0.424770787127383	0
28	0	3118939717	33	0.414672938628782	0
28	0	6417793045	34	0.284627095918903	0
28	0	1850556281	35	0.697457384260202	0
28	0	6700328527	36	0.0612624190483941	0
28	0	6799483464	37	0.557303419892075	0
28	0	5884122323	38	0.0975912668535897	0
28	0	2483652182	39	0.292041976310166	0
28	0	3985111577	40	0.412427084114931	0
28	0	3398330080	41	0.340004938648335	0
28	0	2483644362	42	0.36946011131286	0
28	0	2943175092	43	0.401610170909166	0
28	0	3978328679	44	0.315044414246449	0
28	0	4534113784	45	0.295919332014109	0
28	0	3397462655	46	0.301926048323452	0
28	0	7669686422	47	0.256031094111087	0
28	0	9363910295	48	0.180622747360158	0
28	0	7657020532	49	0.227973180807426	0
29	0	308612814	0	0.501724408768948	0
29	0	1698067249	1	0.308110262890924	0
29	0	7796643528	2	0.634828491361975	0
29	0	5898168125	3	0.446115258641134	0
29	0	7993607792	4	0.333581592929865	0
29	0	7225663952	5	0.539103533780339	0
29	0	6669396721	6	0.631943200313528	0
29	0	7572895076	7	0.438788945659595	0
29	0	4881495115	8	0.444011809271118	0
29	0	6393466943	9	0.259540127689902	0
29	0	3568588428	10	0.526671451972684	0
29	0	6183151602	11	0.383253890767401	0
29	0	5653025092	12	0.320348422895033	0
29	0	5965483139	13	0.43893392125453	0
29	0	903801192	14	0.516660949138501	0
29	0	9844384015	15	0.220162287883006	0
29	0	7297934902	16	0.288677985966713	0
29	0	9844326286	17	0.259161787757144	0
29	0	4405329102	18	0.418021083400509	0
29	0	5652456005	19	0.360783879193338	0
29	0	902931209	20	0.572381938567123	0
29	0	6182584791	21	0.473984256511736	0
29	0	3388813749	22	0.378542821431513	0
29	0	347369751	23	0.343645377515462	0
29	0	5966004674	24	0.195999594367269	0
29	0	3388816651	25	0.520937322579906	0
29	0	4424352348	26	0.210744067996216	0
29	0	3567790093	27	0.361029775945061	0
29	0	3172446287	28	0.543653107673975	0
29	0	3389628258	29	0.518040976905098	0
29	0	4423591761	30	0.174338656275344	0
29	0	3173336908	31	0.390206340637701	0
29	0	4882069104	32	0.327788362971404	0
29	0	3173195672	33	0.443679973852287	0
29	0	5962728317	34	0.312243263853328	0
29	0	7511109552	35	0.224909704039669	0
29	0	6393471475	36	0.36168510950595	0
29	0	3567700775	37	0.227344913534749	0
29	0	7572906112	38	0.178160650305408	0
29	0	6393476483	39	0.302758677125169	0
29	0	902931161	40	0.392618606263252	0
29	0	7572911352	41	0.143534720657553	0
29	0	4423585993	42	0.125857962348506	0
29	0	3389624448	43	0.34333988208937	0
29	0	7572910236	44	0.165239145709964	0
29	0	6743328533	45	0.374340223627457	0
29	0	5898725970	46	0.197235574722771	0
29	0	3567829989	47	0.271226635251601	0
29	0	4882108290	48	0.0797744592585742	0
29	0	7410386728	49	0.0856943268298841	0
30	0	2461838546	0	0.38825789911784	0
30	0	4928044682	1	0.343378525166784	0
30	0	5987189528	2	0.523973065596941	0
30	0	3834138296	3	0.364650484967837	0
30	0	72860398	4	0.232140683874177	0
30	0	7639992150	5	0.240684533567311	0
30	0	5128347276	6	0.389620039420256	0
30	0	8839339706	7	0.229899356467595	0
30	0	3885632236	8	0.300765367707846	0
30	0	2974663894	9	0.437570713590887	0
30	0	2973809637	10	0.424161604414935	0
30	0	7846944456	11	0.183858618234444	0
30	0	11497521	12	0.181270488372064	0
30	0	6691852653	13	0.346328019005384	0
30	0	7698242	14	0.197584376785705	0
30	0	6691760003	15	0.368529970089246	0
30	0	2361854469	16	0.462763862238971	0
30	0	3664958429	17	0.346091165496451	0
30	0	8560166315	18	0.431109508489313	0
30	0	5180507304	19	0.316907695937561	0
30	0	8838667969	20	0.198808149416323	0
30	0	5129198945	21	0.337227385048112	0
30	0	5118493907	22	0.0959830407456198	0
30	0	2757457623	23	0.450251794188805	0
30	0	2374245666	24	0.379282375161585	0
30	0	946553486	25	0.363996183877693	0
30	0	2987909153	26	0.41860704172035	0
30	0	9554791105	27	0.58369619623309	0
30	0	9555665573	28	0.446909855232359	0
30	0	2988766914	29	0.421383188861566	0
30	0	3658465587	30	0.284473237491232	0
30	0	486487191	31	0.305991709064582	0
30	0	8561274812	32	0.288245577310327	0
30	0	9557333658	33	0.567349004753232	0
30	0	486485057	34	0.528270329778715	0
30	0	9558757600	35	0.449824483413513	0
30	0	6995023041	36	0.374784712852117	0
30	0	5119096654	37	0.20216739939786	0
30	0	2355546106	38	0.339214786868366	0
30	0	3827584050	39	0.303099258626388	0
30	0	5131462222	40	0.196391593178584	0
30	0	3720935484	41	0.129776179420184	0
30	0	3649940147	42	0.278283940961407	0
30	0	486453704	43	0.421423153065995	0
30	0	7639998126	44	0.125997309874407	0
30	0	5175933457	45	0.330404163995712	0
30	0	7323923	46	0.210706557378364	0
30	0	2987908535	47	0.414331735054965	0
30	0	7847017438	48	0.0995396934589277	0
30	0	6691761153	49	0.327154843622146	0
